0	1679681001851
1	1679681001981
2	1679681001981
3	1679681001981
4	1679681002106
5	1679681002107
6	1679681002107
7	1679681002107
8	1679681002233
9	1679681002233
10	1679681002233
11	1679681002233
12	1679681002359
13	1679681002359
14	1679681002359
15	1679681002360
16	1679681002485
17	1679681002486
18	1679681002486
19	1679681002486
20	1679681002612
21	1679681002613
22	1679681002613
23	1679681002613
24	1679681002739
25	1679681002739
26	1679681002739
27	1679681002740
28	1679681002865
29	1679681002865
30	1679681002865
31	1679681002866
32	1679681002991
33	1679681002992
34	1679681002992
35	1679681002993
36	1679681003118
37	1679681003118
38	1679681003118
39	1679681003118
40	1679681003244
41	1679681003244
42	1679681003244
43	1679681003370
44	1679681003371
45	1679681003371
46	1679681003371
47	1679681003496
48	1679681003497
49	1679681003497
50	1679681003497
51	1679681003623
52	1679681003624
53	1679681003624
54	1679681003624
55	1679681003749
56	1679681003750
57	1679681003750
58	1679681003750
59	1679681003876
60	1679681003876
61	1679681003876
62	1679681003877
63	1679681004002
64	1679681004003
65	1679681004003
66	1679681004003
67	1679681004129
68	1679681004129
69	1679681004129
70	1679681004130
71	1679681004255
72	1679681004256
73	1679681004256
74	1679681004256
75	1679681004382
76	1679681004383
77	1679681004383
78	1679681004383
79	1679681004508
80	1679681004509
81	1679681004509
82	1679681004509
83	1679681004635
84	1679681004635
85	1679681004635
86	1679681004635
87	1679681004761
88	1679681004761
89	1679681004761
90	1679681004888
91	1679681004888
92	1679681004888
93	1679681004888
94	1679681004889
95	1679681005014
96	1679681005014
97	1679681005014
98	1679681005014
99	1679681005141
100	1679681005141
101	1679681005141
102	1679681005141
103	1679681005266
104	1679681005266
105	1679681005267
106	1679681005267
107	1679681005393
108	1679681005393
109	1679681005393
110	1679681005393
111	1679681005519
112	1679681005519
113	1679681005520
114	1679681005520
115	1679681005646
116	1679681005646
117	1679681005646
118	1679681005646
119	1679681005772
120	1679681005772
121	1679681005772
122	1679681005773
123	1679681005898
124	1679681005898
125	1679681005899
126	1679681006024
127	1679681006024
128	1679681006025
129	1679681006025
130	1679681006150
131	1679681006150
132	1679681006151
133	1679681006151
134	1679681006276
135	1679681006277
136	1679681006277
137	1679681006277
138	1679681006403
139	1679681006403
140	1679681006403
141	1679681006404
142	1679681006529
143	1679681006529
144	1679681006530
145	1679681006530
146	1679681006656
147	1679681006656
148	1679681006656
149	1679681006656
150	1679681006782
151	1679681006782
152	1679681006783
153	1679681006783
154	1679681006908
155	1679681006908
156	1679681006908
157	1679681006909
158	1679681007034
159	1679681007034
160	1679681007034
161	1679681007035
162	1679681007160
163	1679681007161
164	1679681007161
165	1679681007161
166	1679681007287
167	1679681007287
168	1679681007287
169	1679681007412
170	1679681007413
171	1679681007413
172	1679681007413
173	1679681007539
174	1679681007539
175	1679681007539
176	1679681007540
177	1679681007665
178	1679681007665
179	1679681007665
180	1679681007665
181	1679681007666
182	1679681007791
183	1679681007791
184	1679681007791
185	1679681007916
186	1679681007917
187	1679681007917
188	1679681007917
189	1679681007917
190	1679681008043
191	1679681008043
192	1679681008044
193	1679681008169
194	1679681008169
195	1679681008169
196	1679681008169
197	1679681008169
198	1679681008295
199	1679681008295
200	1679681008296
201	1679681008296
202	1679681008421
203	1679681008421
204	1679681008422
205	1679681008422
206	1679681008548
207	1679681008548
208	1679681008549
209	1679681008674
210	1679681008674
211	1679681008674
212	1679681008674
213	1679681008800
214	1679681008800
215	1679681008800
216	1679681008801
217	1679681008926
218	1679681008926
219	1679681008926
220	1679681008926
221	1679681009052
222	1679681009052
223	1679681009053
224	1679681009053
225	1679681009179
226	1679681009179
227	1679681009179
228	1679681009179
229	1679681009305
230	1679681009305
231	1679681009306
232	1679681009306
233	1679681009431
234	1679681009431
235	1679681009431
236	1679681009431
237	1679681009557
238	1679681009558
239	1679681009558
240	1679681009558
241	1679681009683
242	1679681009684
243	1679681009684
244	1679681009684
245	1679681009810
246	1679681009810
247	1679681009810
248	1679681009810
249	1679681009935
250	1679681009935
251	1679681009936
252	1679681010061
253	1679681010061
254	1679681010061
255	1679681010061
256	1679681010188
257	1679681010188
258	1679681010188
259	1679681010188
260	1679681010314
261	1679681010314
262	1679681010315
263	1679681010315
264	1679681010440
265	1679681010440
266	1679681010440
267	1679681010441
268	1679681010566
269	1679681010567
270	1679681010567
271	1679681010567
272	1679681010693
273	1679681010693
274	1679681010694
275	1679681010694
276	1679681010819
277	1679681010819
278	1679681010819
279	1679681010819
280	1679681010945
281	1679681010945
282	1679681010945
283	1679681010945
284	1679681010945
285	1679681011070
286	1679681011071
287	1679681011071
288	1679681011196
289	1679681011197
290	1679681011197
291	1679681011197
292	1679681011322
293	1679681011323
294	1679681011323
295	1679681011449
296	1679681011449
297	1679681011449
298	1679681011449
299	1679681011449
300	1679681011575
301	1679681011575
302	1679681011575
303	1679681011575
304	1679681011701
305	1679681011701
306	1679681011701
307	1679681011702
308	1679681011828
309	1679681011828
310	1679681011828
311	1679681011829
312	1679681011954
313	1679681011954
314	1679681011955
315	1679681011955
316	1679681012080
317	1679681012080
318	1679681012081
319	1679681012081
320	1679681012206
321	1679681012207
322	1679681012207
323	1679681012207
324	1679681012332
325	1679681012332
326	1679681012333
327	1679681012333
328	1679681012458
329	1679681012458
330	1679681012459
331	1679681012459
332	1679681012584
333	1679681012584
334	1679681012584
335	1679681012710
336	1679681012710
337	1679681012710
338	1679681012711
339	1679681012836
340	1679681012836
341	1679681012836
342	1679681012836
343	1679681012962
344	1679681012962
345	1679681012963
346	1679681012963
347	1679681013088
348	1679681013088
349	1679681013088
350	1679681013088
351	1679681013214
352	1679681013214
353	1679681013215
354	1679681013215
355	1679681013340
356	1679681013340
357	1679681013340
358	1679681013340
359	1679681013466
360	1679681013466
361	1679681013467
362	1679681013467
363	1679681013592
364	1679681013593
365	1679681013593
366	1679681013593
367	1679681013719
368	1679681013719
369	1679681013720
370	1679681013720
371	1679681013845
372	1679681013845
373	1679681013845
374	1679681013845
375	1679681013971
376	1679681013971
377	1679681013971
378	1679681014097
379	1679681014097
380	1679681014097
381	1679681014097
382	1679681014222
383	1679681014222
384	1679681014223
385	1679681014223
386	1679681014349
387	1679681014349
388	1679681014350
389	1679681014350
390	1679681014475
391	1679681014475
392	1679681014475
393	1679681014475
394	1679681014475
395	1679681014601
396	1679681014601
397	1679681014601
398	1679681014726
399	1679681014726
400	1679681014727
401	1679681014727
402	1679681014727
403	1679681014853
404	1679681014853
405	1679681014854
406	1679681014979
407	1679681014979
408	1679681014979
409	1679681014979
410	1679681014979
411	1679681015105
412	1679681015105
413	1679681015105
414	1679681015106
415	1679681015231
416	1679681015231
417	1679681015232
418	1679681015357
419	1679681015357
420	1679681015358
421	1679681015358
422	1679681015483
423	1679681015483
424	1679681015483
425	1679681015483
426	1679681015609
427	1679681015609
428	1679681015609
429	1679681015609
430	1679681015734
431	1679681015734
432	1679681015735
433	1679681015735
434	1679681015861
435	1679681015861
436	1679681015861
437	1679681015861
438	1679681015986
439	1679681015986
440	1679681015987
441	1679681015987
442	1679681016113
443	1679681016113
444	1679681016113
445	1679681016113
446	1679681016238
447	1679681016239
448	1679681016239
449	1679681016239
450	1679681016365
451	1679681016365
452	1679681016365
453	1679681016365
454	1679681016490
455	1679681016490
456	1679681016491
457	1679681016491
458	1679681016616
459	1679681016616
460	1679681016616
461	1679681016742
462	1679681016742
463	1679681016742
464	1679681016743
465	1679681016868
466	1679681016868
467	1679681016869
468	1679681016869
469	1679681016995
470	1679681016995
471	1679681016995
472	1679681016995
473	1679681017121
474	1679681017121
475	1679681017121
476	1679681017121
477	1679681017246
478	1679681017246
479	1679681017247
480	1679681017247
481	1679681017372
482	1679681017373
483	1679681017373
484	1679681017373
485	1679681017499
486	1679681017499
487	1679681017499
488	1679681017499
489	1679681017625
490	1679681017625
491	1679681017625
492	1679681017625
493	1679681017750
494	1679681017751
495	1679681017751
496	1679681017751
497	1679681017876
498	1679681017876
499	1679681017877
500	1679681017877
501	1679681018002
502	1679681018003
503	1679681018003
504	1679681018128
505	1679681018128
506	1679681018128
507	1679681018128
508	1679681018254
509	1679681018254
510	1679681018254
511	1679681018254
512	1679681018379
513	1679681018380
514	1679681018380
515	1679681018380
516	1679681018505
517	1679681018505
518	1679681018506
519	1679681018506
520	1679681018631
521	1679681018631
522	1679681018631
523	1679681018631
524	1679681018757
525	1679681018757
526	1679681018757
527	1679681018757
528	1679681018883
529	1679681018883
530	1679681018884
531	1679681018884
532	1679681018884
533	1679681019010
534	1679681019010
535	1679681019010
536	1679681019135
537	1679681019135
538	1679681019136
539	1679681019136
540	1679681019136
541	1679681019262
542	1679681019262
543	1679681019387
544	1679681019388
545	1679681019388
546	1679681019388
547	1679681019388
548	1679681019514
549	1679681019514
550	1679681019514
551	1679681019514
552	1679681019639
553	1679681019639
554	1679681019640
555	1679681019640
556	1679681019765
557	1679681019765
558	1679681019765
559	1679681019766
560	1679681019891
561	1679681019891
562	1679681019891
563	1679681019891
564	1679681020017
565	1679681020017
566	1679681020018
567	1679681020018
568	1679681020143
569	1679681020143
570	1679681020144
571	1679681020144
572	1679681020269
573	1679681020269
574	1679681020269
575	1679681020270
576	1679681020395
577	1679681020396
578	1679681020396
579	1679681020396
580	1679681020522
581	1679681020522
582	1679681020522
583	1679681020522
584	1679681020648
585	1679681020648
586	1679681020648
587	1679681020774
588	1679681020774
589	1679681020774
590	1679681020774
591	1679681020899
592	1679681020900
593	1679681020900
594	1679681020900
595	1679681021026
596	1679681021026
597	1679681021026
598	1679681021026
599	1679681021152
600	1679681021152
601	1679681021152
602	1679681021152
603	1679681021278
604	1679681021278
605	1679681021278
606	1679681021278
607	1679681021403
608	1679681021404
609	1679681021404
610	1679681021404
611	1679681021530
612	1679681021530
613	1679681021530
614	1679681021530
615	1679681021656
616	1679681021656
617	1679681021656
618	1679681021656
619	1679681021782
620	1679681021782
621	1679681021782
622	1679681021782
623	1679681021908
624	1679681021908
625	1679681021908
626	1679681022034
627	1679681022034
628	1679681022034
629	1679681022034
630	1679681022160
631	1679681022160
632	1679681022160
633	1679681022160
634	1679681022286
635	1679681022286
636	1679681022286
637	1679681022286
638	1679681022412
639	1679681022413
640	1679681022413
641	1679681022413
642	1679681022538
643	1679681022538
644	1679681022539
645	1679681022539
646	1679681022664
647	1679681022664
648	1679681022664
649	1679681022665
650	1679681022665
651	1679681022790
652	1679681022790
653	1679681022791
654	1679681022916
655	1679681022916
656	1679681022917
657	1679681022917
658	1679681022917
659	1679681023042
660	1679681023042
661	1679681023043
662	1679681023168
663	1679681023168
664	1679681023169
665	1679681023169
666	1679681023169
667	1679681023294
668	1679681023294
669	1679681023295
670	1679681023420
671	1679681023420
672	1679681023421
673	1679681023421
674	1679681023546
675	1679681023546
676	1679681023547
677	1679681023547
678	1679681023672
679	1679681023672
680	1679681023673
681	1679681023673
682	1679681023798
683	1679681023798
684	1679681023799
685	1679681023799
686	1679681023925
687	1679681023925
688	1679681023925
689	1679681023925
690	1679681024051
691	1679681024051
692	1679681024051
693	1679681024051
694	1679681024176
695	1679681024176
696	1679681024177
697	1679681024177
698	1679681024302
699	1679681024302
700	1679681024302
701	1679681024302
702	1679681024428
703	1679681024428
704	1679681024429
705	1679681024429
706	1679681024554
707	1679681024554
708	1679681024555
709	1679681024680
710	1679681024680
711	1679681024680
712	1679681024680
713	1679681024806
714	1679681024806
715	1679681024806
716	1679681024806
717	1679681024932
718	1679681024932
719	1679681024932
720	1679681024932
721	1679681025058
722	1679681025058
723	1679681025059
724	1679681025059
725	1679681025184
726	1679681025184
727	1679681025185
728	1679681025185
729	1679681025310
730	1679681025310
731	1679681025310
732	1679681025310
733	1679681025436
734	1679681025436
735	1679681025436
736	1679681025437
737	1679681025562
738	1679681025562
739	1679681025562
740	1679681025562
741	1679681025688
742	1679681025688
743	1679681025688
744	1679681025688
745	1679681025814
746	1679681025814
747	1679681025814
748	1679681025814
749	1679681025940
750	1679681025940
751	1679681025941
752	1679681026066
753	1679681026066
754	1679681026066
755	1679681026066
756	1679681026192
757	1679681026192
758	1679681026193
759	1679681026193
760	1679681026318
761	1679681026318
762	1679681026318
763	1679681026318
764	1679681026444
765	1679681026444
766	1679681026444
767	1679681026444
768	1679681026444
769	1679681026570
770	1679681026570
771	1679681026570
772	1679681026696
773	1679681026696
774	1679681026696
775	1679681026696
776	1679681026696
777	1679681026822
778	1679681026822
779	1679681026822
780	1679681026948
781	1679681026948
782	1679681026948
783	1679681026948
784	1679681026948
785	1679681027074
786	1679681027074
787	1679681027074
788	1679681027074
789	1679681027200
790	1679681027200
791	1679681027201
792	1679681027326
793	1679681027326
794	1679681027326
795	1679681027326
796	1679681027452
797	1679681027452
798	1679681027453
799	1679681027453
800	1679681027578
801	1679681027578
802	1679681027578
803	1679681027578
804	1679681027704
805	1679681027704
806	1679681027704
807	1679681027704
808	1679681027829
809	1679681027829
810	1679681027830
811	1679681027830
812	1679681027955
813	1679681027955
814	1679681027956
815	1679681027956
816	1679681028081
817	1679681028081
818	1679681028081
819	1679681028081
820	1679681028206
821	1679681028206
822	1679681028207
823	1679681028207
824	1679681028332
825	1679681028332
826	1679681028333
827	1679681028333
828	1679681028458
829	1679681028458
830	1679681028459
831	1679681028459
832	1679681028584
833	1679681028584
834	1679681028584
835	1679681028710
836	1679681028710
837	1679681028710
838	1679681028710
839	1679681028835
840	1679681028835
841	1679681028836
842	1679681028836
843	1679681028961
844	1679681028961
845	1679681028961
846	1679681028961
847	1679681029086
848	1679681029086
849	1679681029087
850	1679681029087
851	1679681029212
852	1679681029213
853	1679681029213
854	1679681029213
855	1679681029338
856	1679681029338
857	1679681029339
858	1679681029339
859	1679681029464
860	1679681029465
861	1679681029465
862	1679681029465
863	1679681029590
864	1679681029590
865	1679681029590
866	1679681029590
867	1679681029716
868	1679681029716
869	1679681029717
870	1679681029717
871	1679681029842
872	1679681029842
873	1679681029843
874	1679681029843
875	1679681029968
876	1679681029968
877	1679681029969
878	1679681030094
879	1679681030094
880	1679681030095
881	1679681030095
882	1679681030220
883	1679681030220
884	1679681030221
885	1679681030221
886	1679681030346
887	1679681030346
888	1679681030347
889	1679681030347
890	1679681030472
891	1679681030472
892	1679681030473
893	1679681030473
894	1679681030598
895	1679681030598
896	1679681030599
897	1679681030599
898	1679681030724
899	1679681030724
900	1679681030725
901	1679681030725
902	1679681030725
903	1679681030851
904	1679681030851
905	1679681030851
906	1679681030976
907	1679681030976
908	1679681030977
909	1679681030977
910	1679681030977
911	1679681031103
912	1679681031103
913	1679681031103
914	1679681031229
915	1679681031229
916	1679681031229
917	1679681031229
918	1679681031354
919	1679681031354
920	1679681031355
921	1679681031355
922	1679681031480
923	1679681031480
924	1679681031481
925	1679681031481
926	1679681031606
927	1679681031606
928	1679681031606
929	1679681031606
930	1679681031732
931	1679681031732
932	1679681031733
933	1679681031733
934	1679681031858
935	1679681031858
936	1679681031859
937	1679681031859
938	1679681031986
939	1679681031986
940	1679681031986
941	1679681031986
942	1679681032112
943	1679681032112
944	1679681032112
945	1679681032113
946	1679681032239
947	1679681032240
948	1679681032240
949	1679681032240
950	1679681032366
951	1679681032366
952	1679681032367
953	1679681032367
954	1679681032492
955	1679681032492
956	1679681032492
957	1679681032492
958	1679681032618
959	1679681032619
960	1679681032619
961	1679681032744
962	1679681032745
963	1679681032745
964	1679681032745
965	1679681032870
966	1679681032870
967	1679681032871
968	1679681032871
969	1679681032996
970	1679681032996
971	1679681032997
972	1679681032997
973	1679681033122
974	1679681033122
975	1679681033123
976	1679681033123
977	1679681033248
978	1679681033248
979	1679681033249
980	1679681033249
981	1679681033374
982	1679681033374
983	1679681033375
984	1679681033375
985	1679681033500
986	1679681033500
987	1679681033500
988	1679681033500
989	1679681033626
990	1679681033627
991	1679681033627
992	1679681033627
993	1679681033752
994	1679681033752
995	1679681033753
996	1679681033753
997	1679681033879
998	1679681033879
999	1679681033879
1000	1679681033879
1001	1679681034005
1002	1679681034005
1003	1679681034005
1004	1679681034130
1005	1679681034130
1006	1679681034131
1007	1679681034131
1008	1679681034256
1009	1679681034256
1010	1679681034256
1011	1679681034256
1012	1679681034382
1013	1679681034382
1014	1679681034383
1015	1679681034383
1016	1679681034508
1017	1679681034508
1018	1679681034508
1019	1679681034508
1020	1679681034634
1021	1679681034634
1022	1679681034635
1023	1679681034635
1024	1679681034635
1025	1679681034760
1026	1679681034760
1027	1679681034761
1028	1679681034886
1029	1679681034886
1030	1679681034887
1031	1679681034887
1032	1679681034887
1033	1679681035012
1034	1679681035012
1035	1679681035013
1036	1679681035138
1037	1679681035138
1038	1679681035139
1039	1679681035139
1040	1679681035139
1041	1679681035265
1042	1679681035265
1043	1679681035265
1044	1679681035391
1045	1679681035391
1046	1679681035391
1047	1679681035391
1048	1679681035517
1049	1679681035517
1050	1679681035518
1051	1679681035518
1052	1679681035643
1053	1679681035643
1054	1679681035644
1055	1679681035644
1056	1679681035770
1057	1679681035770
1058	1679681035770
1059	1679681035771
1060	1679681035896
1061	1679681035896
1062	1679681035896
1063	1679681035896
1064	1679681036022
1065	1679681036022
1066	1679681036023
1067	1679681036023
1068	1679681036148
1069	1679681036148
1070	1679681036148
1071	1679681036148
1072	1679681036277
1073	1679681036278
1074	1679681036278
1075	1679681036279
1076	1679681036405
1077	1679681036405
1078	1679681036405
1079	1679681036405
1080	1679681036531
1081	1679681036531
1082	1679681036531
1083	1679681036531
1084	1679681036656
1085	1679681036656
1086	1679681036657
1087	1679681036782
1088	1679681036782
1089	1679681036782
1090	1679681036782
1091	1679681036908
1092	1679681036908
1093	1679681036909
1094	1679681036909
1095	1679681037034
1096	1679681037034
1097	1679681037034
1098	1679681037034
1099	1679681037160
1100	1679681037160
1101	1679681037160
1102	1679681037160
1103	1679681037286
1104	1679681037286
1105	1679681037287
1106	1679681037287
1107	1679681037412
1108	1679681037412
1109	1679681037412
1110	1679681037413
1111	1679681037538
1112	1679681037538
1113	1679681037538
1114	1679681037538
1115	1679681037664
1116	1679681037664
1117	1679681037664
1118	1679681037664
1119	1679681037665
1120	1679681037790
1121	1679681037790
1122	1679681037790
1123	1679681037916
1124	1679681037916
1125	1679681037916
1126	1679681037916
1127	1679681038042
1128	1679681038043
1129	1679681038043
1130	1679681038168
1131	1679681038168
1132	1679681038168
1133	1679681038168
1134	1679681038169
1135	1679681038294
1136	1679681038295
1137	1679681038295
1138	1679681038295
1139	1679681038420
1140	1679681038420
1141	1679681038421
1142	1679681038421
1143	1679681038546
1144	1679681038546
1145	1679681038547
1146	1679681038547
1147	1679681038672
1148	1679681038672
1149	1679681038673
1150	1679681038673
1151	1679681038799
1152	1679681038799
1153	1679681038799
1154	1679681038799
1155	1679681038925
1156	1679681038925
1157	1679681038925
1158	1679681038925
1159	1679681039051
1160	1679681039051
1161	1679681039051
1162	1679681039051
1163	1679681039177
1164	1679681039178
1165	1679681039178
1166	1679681039178
1167	1679681039304
1168	1679681039305
1169	1679681039305
1170	1679681039430
1171	1679681039430
1172	1679681039430
1173	1679681039430
1174	1679681039556
1175	1679681039556
1176	1679681039556
1177	1679681039556
1178	1679681039682
1179	1679681039682
1180	1679681039683
1181	1679681039683
1182	1679681039808
1183	1679681039808
1184	1679681039808
1185	1679681039809
1186	1679681039934
1187	1679681039934
1188	1679681039935
1189	1679681039935
1190	1679681040060
1191	1679681040060
1192	1679681040060
1193	1679681040060
1194	1679681040186
1195	1679681040186
1196	1679681040187
1197	1679681040187
1198	1679681040313
1199	1679681040313
1200	1679681040313
1201	1679681040313
1202	1679681040439
1203	1679681040439
1204	1679681040439
1205	1679681040439
1206	1679681040565
1207	1679681040565
1208	1679681040565
1209	1679681040690
1210	1679681040690
1211	1679681040691
1212	1679681040691
1213	1679681040816
1214	1679681040816
1215	1679681040817
1216	1679681040817
1217	1679681040943
1218	1679681040943
1219	1679681040943
1220	1679681040943
1221	1679681041068
1222	1679681041068
1223	1679681041069
1224	1679681041069
1225	1679681041194
1226	1679681041194
1227	1679681041195
1228	1679681041195
1229	1679681041195
1230	1679681041321
1231	1679681041321
1232	1679681041321
1233	1679681041447
1234	1679681041447
1235	1679681041448
1236	1679681041448
1237	1679681041448
1238	1679681041573
1239	1679681041573
1240	1679681041574
1241	1679681041574
1242	1679681041700
1243	1679681041700
1244	1679681041700
1245	1679681041701
1246	1679681041826
1247	1679681041826
1248	1679681041826
1249	1679681041827
1250	1679681041952
1251	1679681041952
1252	1679681041953
1253	1679681042078
1254	1679681042078
1255	1679681042078
1256	1679681042078
1257	1679681042204
1258	1679681042204
1259	1679681042204
1260	1679681042204
1261	1679681042330
1262	1679681042330
1263	1679681042330
1264	1679681042331
1265	1679681042456
1266	1679681042456
1267	1679681042457
1268	1679681042457
1269	1679681042582
1270	1679681042582
1271	1679681042583
1272	1679681042583
1273	1679681042710
1274	1679681042710
1275	1679681042710
1276	1679681042710
1277	1679681042836
1278	1679681042836
1279	1679681042837
1280	1679681042837
1281	1679681042962
1282	1679681042962
1283	1679681042963
1284	1679681042963
1285	1679681043089
1286	1679681043089
1287	1679681043089
1288	1679681043089
1289	1679681043215
1290	1679681043215
1291	1679681043215
1292	1679681043341
1293	1679681043341
1294	1679681043341
1295	1679681043341
1296	1679681043467
1297	1679681043467
1298	1679681043467
1299	1679681043467
1300	1679681043593
1301	1679681043593
1302	1679681043594
1303	1679681043594
1304	1679681043719
1305	1679681043719
1306	1679681043719
1307	1679681043719
1308	1679681043845
1309	1679681043845
1310	1679681043845
1311	1679681043845
1312	1679681043970
1313	1679681043971
1314	1679681043971
1315	1679681043971
1316	1679681044096
1317	1679681044096
1318	1679681044097
1319	1679681044097
1320	1679681044222
1321	1679681044223
1322	1679681044223
1323	1679681044223
1324	1679681044349
1325	1679681044349
1326	1679681044349
1327	1679681044349
