0	1679681611370
1	1679681611500
2	1679681611500
3	1679681611501
4	1679681611626
5	1679681611626
6	1679681611626
7	1679681611627
8	1679681611752
9	1679681611753
10	1679681611753
11	1679681611753
12	1679681611878
13	1679681611879
14	1679681611879
15	1679681611879
16	1679681612005
17	1679681612005
18	1679681612005
19	1679681612006
20	1679681612131
21	1679681612132
22	1679681612132
23	1679681612132
24	1679681612258
25	1679681612258
26	1679681612258
27	1679681612259
28	1679681612384
29	1679681612384
30	1679681612384
31	1679681612384
32	1679681612511
33	1679681612511
34	1679681612511
35	1679681612512
36	1679681612637
37	1679681612638
38	1679681612638
39	1679681612638
40	1679681612763
41	1679681612764
42	1679681612764
43	1679681612890
44	1679681612890
45	1679681612890
46	1679681612890
47	1679681613016
48	1679681613017
49	1679681613017
50	1679681613017
51	1679681613143
52	1679681613143
53	1679681613143
54	1679681613145
55	1679681613270
56	1679681613271
57	1679681613271
58	1679681613271
59	1679681613397
60	1679681613398
61	1679681613398
62	1679681613398
63	1679681613523
64	1679681613524
65	1679681613524
66	1679681613524
67	1679681613650
68	1679681613651
69	1679681613651
70	1679681613651
71	1679681613651
72	1679681613777
73	1679681613777
74	1679681613777
75	1679681613903
76	1679681613904
77	1679681613904
78	1679681613904
79	1679681613904
80	1679681614030
81	1679681614030
82	1679681614031
83	1679681614031
84	1679681614157
85	1679681614158
86	1679681614158
87	1679681614284
88	1679681614284
89	1679681614284
90	1679681614284
91	1679681614410
92	1679681614410
93	1679681614410
94	1679681614410
95	1679681614536
96	1679681614536
97	1679681614537
98	1679681614537
99	1679681614663
100	1679681614663
101	1679681614663
102	1679681614664
103	1679681614789
104	1679681614789
105	1679681614790
106	1679681614790
107	1679681614915
108	1679681614916
109	1679681614916
110	1679681614916
111	1679681615041
112	1679681615043
113	1679681615043
114	1679681615043
115	1679681615168
116	1679681615169
117	1679681615169
118	1679681615169
119	1679681615295
120	1679681615295
121	1679681615295
122	1679681615296
123	1679681615421
124	1679681615421
125	1679681615421
126	1679681615547
127	1679681615548
128	1679681615548
129	1679681615549
130	1679681615674
131	1679681615674
132	1679681615674
133	1679681615675
134	1679681615800
135	1679681615801
136	1679681615801
137	1679681615801
138	1679681615927
139	1679681615927
140	1679681615927
141	1679681615927
142	1679681616053
143	1679681616053
144	1679681616054
145	1679681616054
146	1679681616180
147	1679681616180
148	1679681616180
149	1679681616180
150	1679681616180
151	1679681616306
152	1679681616306
153	1679681616306
154	1679681616431
155	1679681616431
156	1679681616432
157	1679681616432
158	1679681616432
159	1679681616558
160	1679681616558
161	1679681616559
162	1679681616684
163	1679681616684
164	1679681616684
165	1679681616684
166	1679681616685
167	1679681616810
168	1679681616810
169	1679681616810
170	1679681616936
171	1679681616936
172	1679681616936
173	1679681616936
174	1679681617062
175	1679681617063
176	1679681617063
177	1679681617063
178	1679681617189
179	1679681617190
180	1679681617190
181	1679681617190
182	1679681617315
183	1679681617315
184	1679681617316
185	1679681617316
186	1679681617441
187	1679681617441
188	1679681617442
189	1679681617442
190	1679681617568
191	1679681617568
192	1679681617568
193	1679681617569
194	1679681617694
195	1679681617694
196	1679681617694
197	1679681617695
198	1679681617820
199	1679681617820
200	1679681617820
201	1679681617821
202	1679681617946
203	1679681617946
204	1679681617946
205	1679681617946
206	1679681618072
207	1679681618073
208	1679681618073
209	1679681618198
210	1679681618198
211	1679681618199
212	1679681618199
213	1679681618325
214	1679681618325
215	1679681618325
216	1679681618325
217	1679681618451
218	1679681618451
219	1679681618451
220	1679681618451
221	1679681618577
222	1679681618578
223	1679681618578
224	1679681618578
225	1679681618704
226	1679681618704
227	1679681618704
228	1679681618704
229	1679681618830
230	1679681618830
231	1679681618831
232	1679681618831
233	1679681618956
234	1679681618956
235	1679681618956
236	1679681618957
237	1679681619082
238	1679681619083
239	1679681619083
240	1679681619083
241	1679681619209
242	1679681619209
243	1679681619209
244	1679681619209
245	1679681619210
246	1679681619335
247	1679681619335
248	1679681619335
249	1679681619461
250	1679681619461
251	1679681619461
252	1679681619461
253	1679681619587
254	1679681619587
255	1679681619587
256	1679681619713
257	1679681619713
258	1679681619714
259	1679681619714
260	1679681619714
261	1679681619839
262	1679681619839
263	1679681619839
264	1679681619839
265	1679681619965
266	1679681619965
267	1679681619965
268	1679681619965
269	1679681620091
270	1679681620091
271	1679681620092
272	1679681620092
273	1679681620217
274	1679681620217
275	1679681620218
276	1679681620218
277	1679681620343
278	1679681620343
279	1679681620344
280	1679681620344
281	1679681620469
282	1679681620469
283	1679681620470
284	1679681620470
285	1679681620595
286	1679681620595
287	1679681620595
288	1679681620596
289	1679681620721
290	1679681620721
291	1679681620722
292	1679681620847
293	1679681620847
294	1679681620847
295	1679681620847
296	1679681620973
297	1679681620973
298	1679681620973
299	1679681620974
300	1679681621099
301	1679681621100
302	1679681621100
303	1679681621100
304	1679681621225
305	1679681621226
306	1679681621226
307	1679681621226
308	1679681621351
309	1679681621351
310	1679681621352
311	1679681621352
312	1679681621477
313	1679681621477
314	1679681621478
315	1679681621478
316	1679681621604
317	1679681621604
318	1679681621604
319	1679681621604
320	1679681621730
321	1679681621730
322	1679681621730
323	1679681621731
324	1679681621856
325	1679681621856
326	1679681621856
327	1679681621856
328	1679681621981
329	1679681621981
330	1679681621981
331	1679681621982
332	1679681622107
333	1679681622108
334	1679681622108
335	1679681622233
336	1679681622233
337	1679681622233
338	1679681622234
339	1679681622359
340	1679681622360
341	1679681622360
342	1679681622360
343	1679681622485
344	1679681622485
345	1679681622486
346	1679681622486
347	1679681622611
348	1679681622611
349	1679681622612
350	1679681622612
351	1679681622738
352	1679681622739
353	1679681622739
354	1679681622739
355	1679681622865
356	1679681622865
357	1679681622865
358	1679681622865
359	1679681622991
360	1679681622991
361	1679681622991
362	1679681622991
363	1679681622991
364	1679681623117
365	1679681623117
366	1679681623117
367	1679681623243
368	1679681623243
369	1679681623243
370	1679681623244
371	1679681623244
372	1679681623369
373	1679681623369
374	1679681623369
375	1679681623369
376	1679681623495
377	1679681623495
378	1679681623496
379	1679681623621
380	1679681623621
381	1679681623622
382	1679681623622
383	1679681623747
384	1679681623747
385	1679681623747
386	1679681623748
387	1679681623873
388	1679681623873
389	1679681623874
390	1679681623874
391	1679681623999
392	1679681623999
393	1679681623999
394	1679681624000
395	1679681624125
396	1679681624125
397	1679681624126
398	1679681624126
399	1679681624251
400	1679681624252
401	1679681624252
402	1679681624252
403	1679681624378
404	1679681624378
405	1679681624379
406	1679681624379
407	1679681624504
408	1679681624504
409	1679681624504
410	1679681624504
411	1679681624630
412	1679681624630
413	1679681624630
414	1679681624630
415	1679681624755
416	1679681624756
417	1679681624756
418	1679681624881
419	1679681624881
420	1679681624882
421	1679681624882
422	1679681625007
423	1679681625007
424	1679681625008
425	1679681625008
426	1679681625133
427	1679681625133
428	1679681625133
429	1679681625134
430	1679681625259
431	1679681625259
432	1679681625260
433	1679681625260
434	1679681625385
435	1679681625385
436	1679681625386
437	1679681625386
438	1679681625511
439	1679681625511
440	1679681625512
441	1679681625512
442	1679681625637
443	1679681625637
444	1679681625638
445	1679681625638
446	1679681625763
447	1679681625763
448	1679681625763
449	1679681625764
450	1679681625889
451	1679681625889
452	1679681625890
453	1679681625890
454	1679681626015
455	1679681626015
456	1679681626016
457	1679681626016
458	1679681626141
459	1679681626141
460	1679681626141
461	1679681626267
462	1679681626269
463	1679681626269
464	1679681626271
465	1679681626397
466	1679681626397
467	1679681626397
468	1679681626397
469	1679681626523
470	1679681626523
471	1679681626524
472	1679681626524
473	1679681626650
474	1679681626650
475	1679681626650
476	1679681626650
477	1679681626650
478	1679681626776
479	1679681626776
480	1679681626776
481	1679681626901
482	1679681626902
483	1679681626902
484	1679681626902
485	1679681626902
486	1679681627028
487	1679681627028
488	1679681627028
489	1679681627154
490	1679681627154
491	1679681627154
492	1679681627154
493	1679681627155
494	1679681627280
495	1679681627280
496	1679681627280
497	1679681627280
498	1679681627406
499	1679681627406
500	1679681627406
501	1679681627531
502	1679681627531
503	1679681627532
504	1679681627532
505	1679681627657
506	1679681627657
507	1679681627658
508	1679681627658
509	1679681627783
510	1679681627783
511	1679681627783
512	1679681627784
513	1679681627909
514	1679681627909
515	1679681627909
516	1679681627909
517	1679681628035
518	1679681628035
519	1679681628035
520	1679681628035
521	1679681628160
522	1679681628160
523	1679681628161
524	1679681628161
525	1679681628287
526	1679681628287
527	1679681628287
528	1679681628288
529	1679681628413
530	1679681628413
531	1679681628414
532	1679681628414
533	1679681628539
534	1679681628539
535	1679681628540
536	1679681628540
537	1679681628665
538	1679681628665
539	1679681628666
540	1679681628666
541	1679681628791
542	1679681628791
543	1679681628791
544	1679681628917
545	1679681628917
546	1679681628917
547	1679681628917
548	1679681629043
549	1679681629043
550	1679681629044
551	1679681629044
552	1679681629169
553	1679681629169
554	1679681629169
555	1679681629170
556	1679681629295
557	1679681629296
558	1679681629296
559	1679681629296
560	1679681629421
561	1679681629422
562	1679681629422
563	1679681629422
564	1679681629547
565	1679681629548
566	1679681629548
567	1679681629548
568	1679681629674
569	1679681629674
570	1679681629674
571	1679681629674
572	1679681629800
573	1679681629801
574	1679681629801
575	1679681629801
576	1679681629927
577	1679681629927
578	1679681629927
579	1679681629927
580	1679681630053
581	1679681630053
582	1679681630054
583	1679681630054
584	1679681630181
585	1679681630182
586	1679681630182
587	1679681630183
588	1679681630309
589	1679681630309
590	1679681630310
591	1679681630310
592	1679681630435
593	1679681630435
594	1679681630435
595	1679681630436
596	1679681630561
597	1679681630561
598	1679681630562
599	1679681630562
600	1679681630687
601	1679681630687
602	1679681630687
603	1679681630687
604	1679681630813
605	1679681630813
606	1679681630814
607	1679681630814
608	1679681630939
609	1679681630939
610	1679681630940
611	1679681630940
612	1679681631065
613	1679681631066
614	1679681631066
615	1679681631066
616	1679681631191
617	1679681631191
618	1679681631192
619	1679681631192
620	1679681631317
621	1679681631317
622	1679681631318
623	1679681631318
624	1679681631443
625	1679681631444
626	1679681631444
627	1679681631570
628	1679681631570
629	1679681631570
630	1679681631570
631	1679681631696
632	1679681631696
633	1679681631696
634	1679681631696
635	1679681631822
636	1679681631823
637	1679681631823
638	1679681631823
639	1679681631949
640	1679681631949
641	1679681631949
642	1679681631949
643	1679681632075
644	1679681632075
645	1679681632075
646	1679681632075
647	1679681632201
648	1679681632201
649	1679681632201
650	1679681632201
651	1679681632327
652	1679681632327
653	1679681632327
654	1679681632327
655	1679681632453
656	1679681632454
657	1679681632454
658	1679681632454
659	1679681632579
660	1679681632580
661	1679681632580
662	1679681632580
663	1679681632706
664	1679681632706
665	1679681632706
666	1679681632706
667	1679681632831
668	1679681632831
669	1679681632832
670	1679681632957
671	1679681632958
672	1679681632958
673	1679681632958
674	1679681633084
675	1679681633084
676	1679681633084
677	1679681633084
678	1679681633210
679	1679681633210
680	1679681633211
681	1679681633211
682	1679681633211
683	1679681633337
684	1679681633337
685	1679681633337
686	1679681633463
687	1679681633463
688	1679681633463
689	1679681633463
690	1679681633464
691	1679681633589
692	1679681633589
693	1679681633589
694	1679681633589
695	1679681633715
696	1679681633715
697	1679681633716
698	1679681633716
699	1679681633841
700	1679681633841
701	1679681633841
702	1679681633841
703	1679681633967
704	1679681633967
705	1679681633967
706	1679681633967
707	1679681634093
708	1679681634093
709	1679681634093
710	1679681634219
711	1679681634219
712	1679681634219
713	1679681634219
714	1679681634345
715	1679681634345
716	1679681634345
717	1679681634345
718	1679681634471
719	1679681634471
720	1679681634472
721	1679681634472
722	1679681634597
723	1679681634597
724	1679681634598
725	1679681634598
726	1679681634723
727	1679681634723
728	1679681634723
729	1679681634724
730	1679681634849
731	1679681634849
732	1679681634849
733	1679681634850
734	1679681634975
735	1679681634976
736	1679681634976
737	1679681634976
738	1679681635101
739	1679681635101
740	1679681635101
741	1679681635101
742	1679681635227
743	1679681635227
744	1679681635227
745	1679681635227
746	1679681635352
747	1679681635352
748	1679681635353
749	1679681635353
750	1679681635478
751	1679681635478
752	1679681635479
753	1679681635604
754	1679681635605
755	1679681635605
756	1679681635605
757	1679681635730
758	1679681635730
759	1679681635731
760	1679681635731
761	1679681635857
762	1679681635857
763	1679681635857
764	1679681635857
765	1679681635983
766	1679681635983
767	1679681635984
768	1679681635984
769	1679681636110
770	1679681636110
771	1679681636110
772	1679681636110
773	1679681636235
774	1679681636235
775	1679681636236
776	1679681636236
777	1679681636361
778	1679681636361
779	1679681636362
780	1679681636362
781	1679681636487
782	1679681636487
783	1679681636487
784	1679681636487
785	1679681636613
786	1679681636613
787	1679681636614
788	1679681636614
789	1679681636739
790	1679681636739
791	1679681636739
792	1679681636739
793	1679681636865
794	1679681636865
795	1679681636865
796	1679681636991
797	1679681636991
798	1679681636991
799	1679681636991
800	1679681636991
801	1679681637117
802	1679681637117
803	1679681637117
804	1679681637243
805	1679681637243
806	1679681637243
807	1679681637243
808	1679681637243
809	1679681637368
810	1679681637368
811	1679681637369
812	1679681637369
813	1679681637495
814	1679681637495
815	1679681637495
816	1679681637495
817	1679681637621
818	1679681637621
819	1679681637621
820	1679681637621
821	1679681637747
822	1679681637747
823	1679681637748
824	1679681637748
825	1679681637873
826	1679681637873
827	1679681637873
828	1679681637873
829	1679681637999
830	1679681637999
831	1679681637999
832	1679681638000
833	1679681638125
834	1679681638125
835	1679681638125
836	1679681638251
837	1679681638251
838	1679681638251
839	1679681638251
840	1679681638377
841	1679681638377
842	1679681638377
843	1679681638377
844	1679681638503
845	1679681638503
846	1679681638503
847	1679681638503
848	1679681638629
849	1679681638630
850	1679681638630
851	1679681638630
852	1679681638755
853	1679681638755
854	1679681638756
855	1679681638756
856	1679681638881
857	1679681638881
858	1679681638881
859	1679681638881
860	1679681639007
861	1679681639007
862	1679681639007
863	1679681639007
864	1679681639133
865	1679681639134
866	1679681639134
867	1679681639134
868	1679681639260
869	1679681639260
870	1679681639260
871	1679681639260
872	1679681639386
873	1679681639386
874	1679681639386
875	1679681639386
876	1679681639511
877	1679681639511
878	1679681639511
879	1679681639637
880	1679681639637
881	1679681639637
882	1679681639638
883	1679681639763
884	1679681639763
885	1679681639763
886	1679681639763
887	1679681639889
888	1679681639889
889	1679681639890
890	1679681639890
891	1679681640015
892	1679681640016
893	1679681640016
894	1679681640016
895	1679681640141
896	1679681640142
897	1679681640142
898	1679681640142
899	1679681640268
900	1679681640268
901	1679681640268
902	1679681640268
903	1679681640394
904	1679681640394
905	1679681640394
906	1679681640394
907	1679681640520
908	1679681640520
909	1679681640521
910	1679681640521
911	1679681640646
912	1679681640646
913	1679681640646
914	1679681640646
915	1679681640772
916	1679681640772
917	1679681640772
918	1679681640898
919	1679681640898
920	1679681640898
921	1679681640898
922	1679681641024
923	1679681641024
924	1679681641024
925	1679681641024
926	1679681641150
927	1679681641150
928	1679681641150
929	1679681641150
930	1679681641151
931	1679681641276
932	1679681641276
933	1679681641276
934	1679681641401
935	1679681641401
936	1679681641402
937	1679681641402
938	1679681641403
939	1679681641528
940	1679681641528
941	1679681641529
942	1679681641529
943	1679681641654
944	1679681641655
945	1679681641655
946	1679681641655
947	1679681641781
948	1679681641781
949	1679681641781
950	1679681641781
951	1679681641907
952	1679681641907
953	1679681641908
954	1679681641908
955	1679681642033
956	1679681642033
957	1679681642034
958	1679681642034
959	1679681642159
960	1679681642160
961	1679681642160
962	1679681642285
963	1679681642285
964	1679681642285
965	1679681642285
966	1679681642411
967	1679681642411
968	1679681642412
969	1679681642412
970	1679681642537
971	1679681642537
972	1679681642538
973	1679681642538
974	1679681642663
975	1679681642663
976	1679681642664
977	1679681642664
978	1679681642789
979	1679681642789
980	1679681642790
981	1679681642790
982	1679681642915
983	1679681642915
984	1679681642916
985	1679681642916
986	1679681643041
987	1679681643041
988	1679681643041
989	1679681643041
990	1679681643167
991	1679681643167
992	1679681643167
993	1679681643168
994	1679681643293
995	1679681643293
996	1679681643294
997	1679681643294
998	1679681643419
999	1679681643419
1000	1679681643419
1001	1679681643545
1002	1679681643545
1003	1679681643545
1004	1679681643545
1005	1679681643670
1006	1679681643670
1007	1679681643671
1008	1679681643671
1009	1679681643797
1010	1679681643797
1011	1679681643798
1012	1679681643798
1013	1679681643923
1014	1679681643923
1015	1679681643923
1016	1679681643923
1017	1679681644049
1018	1679681644049
1019	1679681644050
1020	1679681644050
1021	1679681644176
1022	1679681644176
1023	1679681644176
1024	1679681644176
1025	1679681644302
1026	1679681644302
1027	1679681644302
1028	1679681644302
1029	1679681644428
1030	1679681644428
1031	1679681644428
1032	1679681644428
1033	1679681644554
1034	1679681644554
1035	1679681644554
1036	1679681644554
1037	1679681644679
1038	1679681644679
1039	1679681644680
1040	1679681644680
1041	1679681644680
1042	1679681644805
1043	1679681644805
1044	1679681644931
1045	1679681644931
1046	1679681644931
1047	1679681644931
1048	1679681644931
1049	1679681645057
1050	1679681645058
1051	1679681645058
1052	1679681645183
1053	1679681645183
1054	1679681645184
1055	1679681645184
1056	1679681645184
1057	1679681645310
1058	1679681645310
1059	1679681645310
1060	1679681645310
1061	1679681645436
1062	1679681645436
1063	1679681645436
1064	1679681645436
1065	1679681645561
1066	1679681645561
1067	1679681645562
1068	1679681645562
1069	1679681645687
1070	1679681645687
1071	1679681645688
1072	1679681645688
1073	1679681645814
1074	1679681645814
1075	1679681645814
1076	1679681645814
1077	1679681645939
1078	1679681645939
1079	1679681645940
1080	1679681645940
1081	1679681646066
1082	1679681646066
1083	1679681646066
1084	1679681646191
1085	1679681646191
1086	1679681646191
1087	1679681646191
1088	1679681646317
1089	1679681646317
1090	1679681646317
1091	1679681646317
1092	1679681646443
1093	1679681646443
1094	1679681646443
1095	1679681646443
1096	1679681646569
1097	1679681646569
1098	1679681646569
1099	1679681646569
