0	1679756897059
1	1679756897062
2	1679756897063
3	1679756897188
4	1679756897189
5	1679756897189
6	1679756897189
7	1679756897315
8	1679756897315
9	1679756897316
10	1679756897316
11	1679756897442
12	1679756897442
13	1679756897442
14	1679756897443
15	1679756897568
0	1679756897569
1	1679756897569
2	1679756897569
3	1679756897695
4	1679756897696
5	1679756897696
6	1679756897696
7	1679756897822
8	1679756897822
9	1679756897822
10	1679756897823
11	1679756897948
12	1679756897948
13	1679756897948
14	1679756897949
15	1679756898074
0	1679756898075
1	1679756898075
2	1679756898076
3	1679756898201
4	1679756898202
5	1679756898202
6	1679756898202
7	1679756898328
8	1679756898328
9	1679756898328
10	1679756898454
11	1679756898454
12	1679756898454
13	1679756898455
14	1679756898580
15	1679756898580
0	1679756898581
1	1679756898581
2	1679756898707
3	1679756898707
4	1679756898707
5	1679756898707
6	1679756898833
7	1679756898833
8	1679756898833
9	1679756898834
10	1679756898959
11	1679756898960
12	1679756898960
13	1679756898960
14	1679756899085
15	1679756899085
0	1679756899086
1	1679756899086
2	1679756899212
3	1679756899213
4	1679756899213
5	1679756899213
6	1679756899338
7	1679756899339
8	1679756899339
9	1679756899339
10	1679756899465
11	1679756899465
12	1679756899465
13	1679756899466
14	1679756899591
15	1679756899591
0	1679756899592
1	1679756899592
2	1679756899718
3	1679756899718
4	1679756899718
5	1679756899843
6	1679756899844
7	1679756899844
8	1679756899844
9	1679756899971
10	1679756899971
11	1679756899972
12	1679756899972
13	1679756899972
14	1679756900098
15	1679756900098
0	1679756900099
1	1679756900099
2	1679756900225
3	1679756900225
4	1679756900225
5	1679756900226
6	1679756900351
7	1679756900352
8	1679756900352
9	1679756900352
10	1679756900478
11	1679756900478
12	1679756900478
13	1679756900479
14	1679756900604
15	1679756900605
0	1679756900605
1	1679756900606
2	1679756900731
3	1679756900731
4	1679756900731
5	1679756900732
6	1679756900858
7	1679756900858
8	1679756900858
9	1679756900859
10	1679756900984
11	1679756900985
12	1679756900985
13	1679756901110
14	1679756901111
15	1679756901111
0	1679756901112
1	1679756901238
2	1679756901238
3	1679756901238
4	1679756901238
5	1679756901370
6	1679756901370
7	1679756901370
8	1679756901371
9	1679756901496
10	1679756901497
11	1679756901497
12	1679756901497
13	1679756901622
14	1679756901623
15	1679756901623
0	1679756901623
1	1679756901749
2	1679756901768
3	1679756901768
4	1679756901768
5	1679756901768
6	1679756901894
7	1679756901894
8	1679756901895
9	1679756901895
10	1679756902021
11	1679756902021
12	1679756902022
13	1679756902023
14	1679756902148
15	1679756902149
0	1679756902151
1	1679756902152
2	1679756902278
3	1679756902278
4	1679756902278
5	1679756902279
6	1679756902405
7	1679756902406
8	1679756902406
9	1679756902532
10	1679756902532
11	1679756902532
12	1679756902533
13	1679756902533
14	1679756902658
15	1679756902659
0	1679756902660
1	1679756902661
2	1679756902786
3	1679756902786
4	1679756902786
5	1679756902787
6	1679756902912
7	1679756902912
8	1679756902912
9	1679756902913
10	1679756903038
11	1679756903038
12	1679756903039
13	1679756903039
14	1679756903164
15	1679756903165
0	1679756903165
1	1679756903166
2	1679756903291
3	1679756903291
4	1679756903292
5	1679756903292
6	1679756903418
7	1679756903418
8	1679756903418
9	1679756903418
10	1679756903544
11	1679756903544
12	1679756903545
13	1679756903545
14	1679756903671
15	1679756903671
0	1679756903672
1	1679756903798
2	1679756903798
3	1679756903798
4	1679756903799
5	1679756903924
6	1679756903924
7	1679756903925
8	1679756903925
9	1679756904050
10	1679756904051
11	1679756904051
12	1679756904051
13	1679756904176
14	1679756904176
15	1679756904176
0	1679756904177
1	1679756904303
2	1679756904303
3	1679756904303
4	1679756904303
5	1679756904429
6	1679756904430
7	1679756904430
8	1679756904430
9	1679756904556
10	1679756904556
11	1679756904556
12	1679756904557
13	1679756904683
14	1679756904683
15	1679756904683
0	1679756904684
1	1679756904810
2	1679756904810
3	1679756904810
4	1679756904811
5	1679756904811
6	1679756904936
7	1679756904937
8	1679756904937
9	1679756905062
10	1679756905062
11	1679756905063
12	1679756905063
13	1679756905188
14	1679756905189
15	1679756905189
0	1679756905189
1	1679756905315
2	1679756905315
3	1679756905316
4	1679756905316
5	1679756905452
6	1679756905453
7	1679756905453
8	1679756905453
9	1679756905579
10	1679756905579
11	1679756905579
12	1679756905580
13	1679756905705
14	1679756905705
15	1679756905706
0	1679756905706
1	1679756905831
2	1679756905831
3	1679756905832
4	1679756905832
5	1679756905958
6	1679756905958
7	1679756905958
8	1679756905958
9	1679756906084
10	1679756906084
11	1679756906084
12	1679756906084
13	1679756906210
14	1679756906210
15	1679756906210
0	1679756906211
1	1679756906337
2	1679756906337
3	1679756906337
4	1679756906463
5	1679756906463
6	1679756906463
7	1679756906464
8	1679756906589
9	1679756906589
10	1679756906590
11	1679756906590
12	1679756906716
13	1679756906717
14	1679756906717
15	1679756906717
0	1679756906844
1	1679756906844
2	1679756906844
3	1679756906844
4	1679756906969
5	1679756906969
6	1679756906970
7	1679756906970
8	1679756906970
9	1679756907096
10	1679756907096
11	1679756907096
12	1679756907222
13	1679756907222
14	1679756907222
15	1679756907222
0	1679756907223
1	1679756907348
2	1679756907349
3	1679756907349
4	1679756907349
5	1679756907475
6	1679756907475
7	1679756907475
8	1679756907475
9	1679756907601
10	1679756907601
11	1679756907602
12	1679756907602
13	1679756907728
14	1679756907728
15	1679756907728
0	1679756907854
1	1679756907854
2	1679756907855
3	1679756907855
4	1679756907981
5	1679756907981
6	1679756907981
7	1679756907981
8	1679756908107
9	1679756908107
10	1679756908107
11	1679756908107
12	1679756908233
13	1679756908234
14	1679756908234
15	1679756908234
0	1679756908360
1	1679756908360
2	1679756908361
3	1679756908361
4	1679756908486
5	1679756908486
6	1679756908486
7	1679756908487
8	1679756908613
9	1679756908613
10	1679756908613
11	1679756908613
12	1679756908739
13	1679756908739
14	1679756908739
15	1679756908739
0	1679756908865
1	1679756908865
2	1679756908866
3	1679756908866
4	1679756908991
5	1679756908991
6	1679756908992
7	1679756909118
8	1679756909118
9	1679756909118
10	1679756909118
11	1679756909243
12	1679756909243
13	1679756909244
14	1679756909244
15	1679756909369
0	1679756909370
1	1679756909370
2	1679756909370
3	1679756909496
4	1679756909496
5	1679756909496
6	1679756909496
7	1679756909622
8	1679756909622
9	1679756909622
10	1679756909623
11	1679756909748
12	1679756909748
13	1679756909748
14	1679756909748
15	1679756909749
0	1679756909875
1	1679756909875
2	1679756909875
3	1679756910000
4	1679756910000
5	1679756910001
6	1679756910001
7	1679756910001
8	1679756910127
9	1679756910127
10	1679756910127
11	1679756910252
12	1679756910252
13	1679756910252
14	1679756910253
15	1679756910253
0	1679756910378
1	1679756910379
2	1679756910379
3	1679756910504
4	1679756910504
5	1679756910505
6	1679756910505
7	1679756910630
8	1679756910630
9	1679756910631
10	1679756910631
11	1679756910756
12	1679756910756
13	1679756910756
14	1679756910756
15	1679756910882
0	1679756910882
1	1679756910883
2	1679756910883
3	1679756911009
4	1679756911009
5	1679756911009
6	1679756911009
7	1679756911134
8	1679756911134
9	1679756911135
10	1679756911135
11	1679756911260
12	1679756911260
13	1679756911261
14	1679756911261
15	1679756911386
0	1679756911387
1	1679756911387
2	1679756911387
3	1679756911512
4	1679756911512
5	1679756911512
6	1679756911512
7	1679756911638
8	1679756911638
9	1679756911638
10	1679756911764
11	1679756911764
12	1679756911765
13	1679756911765
14	1679756911890
15	1679756911891
0	1679756911891
1	1679756911891
2	1679756912017
3	1679756912017
4	1679756912017
5	1679756912018
6	1679756912143
7	1679756912143
8	1679756912144
9	1679756912144
10	1679756912269
11	1679756912269
12	1679756912270
13	1679756912270
14	1679756912396
15	1679756912396
0	1679756912397
1	1679756912397
2	1679756912522
3	1679756912522
4	1679756912523
5	1679756912523
6	1679756912649
7	1679756912649
8	1679756912649
9	1679756912650
10	1679756912776
11	1679756912776
12	1679756912777
13	1679756912777
14	1679756912902
15	1679756912902
0	1679756912903
1	1679756912904
2	1679756913029
3	1679756913029
4	1679756913029
5	1679756913029
6	1679756913155
7	1679756913155
8	1679756913155
9	1679756913281
10	1679756913281
11	1679756913281
12	1679756913281
13	1679756913282
14	1679756913407
15	1679756913408
0	1679756913408
1	1679756913535
2	1679756913535
3	1679756913535
4	1679756913535
5	1679756913536
6	1679756913661
7	1679756913661
8	1679756913662
9	1679756913662
10	1679756913788
11	1679756913788
12	1679756913788
13	1679756913788
14	1679756913913
15	1679756913913
0	1679756913914
1	1679756913914
2	1679756914040
3	1679756914040
4	1679756914040
5	1679756914040
6	1679756914165
7	1679756914165
8	1679756914166
9	1679756914166
10	1679756914291
11	1679756914291
12	1679756914292
13	1679756914418
14	1679756914418
15	1679756914418
0	1679756914419
1	1679756914545
2	1679756914545
3	1679756914545
4	1679756914545
5	1679756914670
6	1679756914670
7	1679756914671
8	1679756914671
9	1679756914797
10	1679756914797
11	1679756914797
12	1679756914797
13	1679756914922
14	1679756914922
15	1679756914922
0	1679756914923
1	1679756915048
2	1679756915048
3	1679756915049
4	1679756915049
5	1679756915174
6	1679756915174
7	1679756915175
8	1679756915175
9	1679756915300
10	1679756915300
11	1679756915300
12	1679756915301
13	1679756915426
14	1679756915426
15	1679756915426
0	1679756915426
1	1679756915553
2	1679756915553
3	1679756915553
4	1679756915553
5	1679756915679
6	1679756915680
7	1679756915680
8	1679756915805
9	1679756915806
10	1679756915806
11	1679756915806
12	1679756915932
13	1679756915933
14	1679756915933
15	1679756915933
0	1679756916060
1	1679756916060
2	1679756916060
3	1679756916061
4	1679756916061
5	1679756916187
6	1679756916188
7	1679756916188
8	1679756916314
9	1679756916314
10	1679756916314
11	1679756916315
12	1679756916315
13	1679756916441
14	1679756916441
15	1679756916441
0	1679756916442
1	1679756916567
2	1679756916567
3	1679756916568
4	1679756916568
5	1679756916694
6	1679756916694
7	1679756916694
8	1679756916695
9	1679756916820
10	1679756916821
11	1679756916821
12	1679756916821
13	1679756916947
14	1679756916947
15	1679756916948
0	1679756916949
1	1679756917074
2	1679756917275
3	1679756917275
4	1679756917276
5	1679756917276
6	1679756917276
7	1679756917276
8	1679756917276
9	1679756917276
10	1679756917403
11	1679756917403
12	1679756917403
13	1679756917403
14	1679756917528
15	1679756917529
0	1679756917529
1	1679756917529
2	1679756917530
3	1679756917655
4	1679756917655
5	1679756917656
6	1679756917781
7	1679756917781
8	1679756917781
9	1679756917782
10	1679756917782
11	1679756917908
12	1679756917908
13	1679756917908
14	1679756918034
15	1679756918034
0	1679756918035
1	1679756918035
2	1679756918035
3	1679756918160
4	1679756918160
5	1679756918161
6	1679756918161
7	1679756918286
8	1679756918286
9	1679756918286
10	1679756918411
11	1679756918412
12	1679756918412
13	1679756918412
14	1679756918538
15	1679756918538
0	1679756918538
1	1679756918539
2	1679756918664
3	1679756918664
4	1679756918664
5	1679756918664
6	1679756918790
7	1679756918790
8	1679756918790
9	1679756918790
10	1679756918916
11	1679756918916
12	1679756918917
13	1679756918917
14	1679756919042
15	1679756919042
0	1679756919043
1	1679756919043
2	1679756919168
3	1679756919168
4	1679756919169
5	1679756919169
6	1679756919295
7	1679756919295
8	1679756919295
9	1679756919295
10	1679756919421
11	1679756919421
12	1679756919421
13	1679756919421
14	1679756919548
15	1679756919548
0	1679756919549
1	1679756919549
2	1679756919674
3	1679756919674
4	1679756919675
5	1679756919800
6	1679756919800
7	1679756919800
8	1679756919800
9	1679756919926
10	1679756919927
11	1679756919927
12	1679756919927
13	1679756920055
14	1679756920055
15	1679756920056
0	1679756920057
1	1679756920184
2	1679756920185
3	1679756920185
4	1679756920185
5	1679756920311
6	1679756920311
7	1679756920311
8	1679756920311
9	1679756920312
10	1679756920438
11	1679756920438
12	1679756920438
13	1679756920564
14	1679756920565
15	1679756920565
0	1679756920566
1	1679756920566
2	1679756920693
3	1679756920694
4	1679756920694
5	1679756920695
6	1679756920821
7	1679756920822
8	1679756920822
9	1679756920822
10	1679756920948
11	1679756920948
12	1679756920948
13	1679756920949
14	1679756921074
15	1679756921074
0	1679756921075
1	1679756921201
2	1679756921201
3	1679756921201
4	1679756921201
5	1679756921327
6	1679756921328
7	1679756921328
8	1679756921329
9	1679756921455
10	1679756921455
11	1679756921455
12	1679756921455
13	1679756921581
14	1679756921581
15	1679756921581
0	1679756921582
1	1679756921708
2	1679756921708
3	1679756921708
4	1679756921708
5	1679756921834
6	1679756921834
7	1679756921834
8	1679756921834
9	1679756921960
10	1679756921960
11	1679756921960
12	1679756921960
13	1679756922086
14	1679756922086
15	1679756922086
0	1679756922087
1	1679756922213
2	1679756922213
3	1679756922214
4	1679756922215
5	1679756922341
6	1679756922341
7	1679756922341
8	1679756922467
9	1679756922468
10	1679756922468
11	1679756922468
12	1679756922594
13	1679756922594
14	1679756922594
15	1679756922594
0	1679756922720
1	1679756922720
2	1679756922721
3	1679756922721
4	1679756922721
5	1679756922847
6	1679756922847
7	1679756922848
8	1679756922973
9	1679756922974
10	1679756922974
11	1679756922974
12	1679756922974
13	1679756923100
14	1679756923100
15	1679756923101
0	1679756923101
1	1679756923227
2	1679756923227
3	1679756923227
4	1679756923228
5	1679756923353
6	1679756923353
7	1679756923353
8	1679756923353
9	1679756923479
10	1679756923479
11	1679756923480
12	1679756923480
13	1679756923605
14	1679756923605
15	1679756923606
0	1679756923606
1	1679756923731
2	1679756923731
3	1679756923732
4	1679756923857
5	1679756923857
6	1679756923858
7	1679756923858
8	1679756923984
9	1679756923984
10	1679756923984
11	1679756923984
12	1679756924110
13	1679756924111
14	1679756924111
15	1679756924111
0	1679756924237
1	1679756924237
2	1679756924237
3	1679756924238
4	1679756924363
5	1679756924363
6	1679756924364
7	1679756924364
8	1679756924489
9	1679756924489
10	1679756924490
11	1679756924490
12	1679756924615
13	1679756924615
14	1679756924616
15	1679756924616
0	1679756924741
1	1679756924742
2	1679756924742
3	1679756924742
4	1679756924868
5	1679756924868
6	1679756924869
7	1679756924869
8	1679756924994
9	1679756924994
10	1679756924994
11	1679756925120
12	1679756925120
13	1679756925120
14	1679756925120
15	1679756925246
0	1679756925247
1	1679756925247
2	1679756925247
3	1679756925372
4	1679756925373
5	1679756925373
6	1679756925373
7	1679756925498
8	1679756925498
9	1679756925499
10	1679756925499
11	1679756925499
12	1679756925625
13	1679756925625
14	1679756925625
15	1679756925751
0	1679756925751
1	1679756925752
2	1679756925752
3	1679756925752
4	1679756925878
5	1679756925878
6	1679756925879
7	1679756926005
8	1679756926005
9	1679756926005
10	1679756926005
11	1679756926006
12	1679756926131
13	1679756926131
14	1679756926131
15	1679756926131
0	1679756926258
1	1679756926258
2	1679756926258
3	1679756926258
4	1679756926384
5	1679756926384
6	1679756926384
7	1679756926509
8	1679756926509
9	1679756926510
10	1679756926510
11	1679756926635
12	1679756926635
13	1679756926636
14	1679756926636
15	1679756926762
0	1679756926762
1	1679756926762
2	1679756926763
3	1679756926888
4	1679756926888
5	1679756926888
6	1679756926888
7	1679756927014
8	1679756927014
9	1679756927015
10	1679756927016
11	1679756927142
12	1679756927142
13	1679756927142
14	1679756927142
15	1679756927268
0	1679756927269
1	1679756927269
2	1679756927269
3	1679756927394
4	1679756927394
5	1679756927395
6	1679756927395
7	1679756927521
8	1679756927521
9	1679756927521
10	1679756927521
11	1679756927648
12	1679756927648
13	1679756927648
14	1679756927773
15	1679756927773
0	1679756927774
1	1679756927774
2	1679756927900
3	1679756927900
4	1679756927900
5	1679756927901
