0	1679756898078
1	1679756898094
2	1679756898094
15	1679756898095
0	1679756898581
1	1679756898581
2	1679756898581
3	1679756898581
4	1679756898582
5	1679756898582
6	1679756898582
7	1679756898582
8	1679756898582
9	1679756898583
10	1679756898583
11	1679756898583
12	1679756898583
13	1679756898583
14	1679756898584
15	1679756898584
0	1679756899086
1	1679756899086
1	1679756899086
3	1679756899086
4	1679756899087
5	1679756899087
6	1679756899087
7	1679756899087
8	1679756899087
9	1679756899088
10	1679756899088
11	1679756899088
12	1679756899088
13	1679756899088
14	1679756899089
15	1679756899089
15	1679756899591
1	1679756899592
2	1679756899592
3	1679756899592
3	1679756899592
5	1679756899593
6	1679756899593
7	1679756899593
8	1679756899593
9	1679756899593
10	1679756899594
11	1679756899594
12	1679756899594
13	1679756899594
12	1679756899595
13	1679756899720
13	1679756900098
1	1679756900099
2	1679756900099
3	1679756900099
4	1679756900099
5	1679756900100
6	1679756900100
7	1679756900100
8	1679756900100
9	1679756900100
10	1679756900100
11	1679756900100
12	1679756900100
13	1679756900100
12	1679756900101
13	1679756900227
13	1679756900605
1	1679756900605
2	1679756900606
3	1679756900606
4	1679756900606
5	1679756900606
6	1679756900607
7	1679756900607
8	1679756900607
9	1679756900607
10	1679756900607
11	1679756900608
12	1679756900608
13	1679756900608
14	1679756900733
15	1679756900733
0	1679756901111
1	1679756901112
2	1679756901112
3	1679756901112
4	1679756901112
5	1679756901113
6	1679756901113
7	1679756901113
8	1679756901113
9	1679756901114
10	1679756901114
11	1679756901114
12	1679756901114
13	1679756901115
14	1679756901240
15	1679756901240
0	1679756901623
1	1679756901624
2	1679756901624
3	1679756901624
3	1679756901625
5	1679756901625
6	1679756901625
7	1679756901625
8	1679756901626
9	1679756901627
10	1679756901627
11	1679756901627
12	1679756901627
13	1679756901753
12	1679756901753
13	1679756901753
0	1679756902149
1	1679756902150
2	1679756902150
3	1679756902151
4	1679756902151
5	1679756902151
5	1679756902152
7	1679756902152
8	1679756902152
9	1679756902153
10	1679756902153
11	1679756902153
12	1679756902153
13	1679756902154
14	1679756902279
14	1679756902279
0	1679756902660
1	1679756902660
2	1679756902660
2	1679756902661
4	1679756902661
5	1679756902661
6	1679756902661
7	1679756902661
8	1679756902661
9	1679756902662
10	1679756902662
11	1679756902662
12	1679756902663
13	1679756902788
14	1679756902788
14	1679756902788
0	1679756903165
1	1679756903165
2	1679756903165
3	1679756903166
4	1679756903166
5	1679756903166
6	1679756903166
6	1679756903166
8	1679756903166
9	1679756903166
10	1679756903166
11	1679756903167
12	1679756903167
13	1679756903293
14	1679756903293
15	1679756903293
0	1679756903671
1	1679756903672
2	1679756903672
3	1679756903672
4	1679756903673
5	1679756903673
6	1679756903673
7	1679756903673
7	1679756903674
9	1679756903674
10	1679756903674
11	1679756903674
12	1679756903675
12	1679756903800
14	1679756903800
15	1679756903800
0	1679756904176
15	1679756904177
0	1679756904177
3	1679756904178
4	1679756904178
3	1679756904178
4	1679756904178
7	1679756904178
8	1679756904178
9	1679756904178
10	1679756904179
11	1679756904179
12	1679756904304
13	1679756904304
14	1679756904304
15	1679756904305
0	1679756904683
1	1679756904684
2	1679756904684
3	1679756904684
4	1679756904684
5	1679756904685
6	1679756904685
6	1679756904685
8	1679756904685
9	1679756904685
10	1679756904685
11	1679756904685
12	1679756904811
13	1679756904811
14	1679756904811
15	1679756904811
0	1679756905189
1	1679756905189
2	1679756905190
3	1679756905190
4	1679756905190
5	1679756905190
6	1679756905190
7	1679756905190
8	1679756905191
8	1679756905191
10	1679756905191
11	1679756905317
12	1679756905317
13	1679756905317
14	1679756905317
14	1679756905452
14	1679756905706
14	1679756905706
2	1679756905706
3	1679756905706
4	1679756905707
5	1679756905707
6	1679756905707
7	1679756905707
8	1679756905707
9	1679756905708
10	1679756905708
11	1679756905833
11	1679756905833
13	1679756905834
14	1679756905834
15	1679756905959
0	1679756906210
1	1679756906211
2	1679756906211
3	1679756906211
4	1679756906212
5	1679756906212
6	1679756906212
7	1679756906212
8	1679756906213
9	1679756906213
10	1679756906213
11	1679756906338
12	1679756906338
12	1679756906339
14	1679756906339
14	1679756906464
0	1679756906718
1	1679756906718
2	1679756906718
3	1679756906718
4	1679756906719
5	1679756906719
6	1679756906721
7	1679756906721
8	1679756906721
9	1679756906721
10	1679756906847
11	1679756906847
12	1679756906847
13	1679756906847
14	1679756906972
15	1679756906972
0	1679756907223
1	1679756907223
2	1679756907223
2	1679756907223
4	1679756907224
4	1679756907224
6	1679756907224
7	1679756907224
8	1679756907224
9	1679756907224
10	1679756907349
11	1679756907349
12	1679756907349
13	1679756907350
14	1679756907475
15	1679756907475
0	1679756907728
1	1679756907729
2	1679756907729
3	1679756907729
4	1679756907729
5	1679756907729
6	1679756907729
7	1679756907729
8	1679756907730
9	1679756907855
10	1679756907855
11	1679756907855
10	1679756907856
11	1679756907981
14	1679756907981
15	1679756907982
14	1679756908235
15	1679756908235
2	1679756908235
3	1679756908235
4	1679756908236
5	1679756908236
6	1679756908236
7	1679756908236
8	1679756908236
9	1679756908362
10	1679756908362
11	1679756908362
12	1679756908362
13	1679756908487
14	1679756908487
15	1679756908488
15	1679756908740
1	1679756908740
2	1679756908740
3	1679756908740
4	1679756908740
5	1679756908740
6	1679756908740
7	1679756908741
8	1679756908741
9	1679756908866
10	1679756908866
11	1679756908866
12	1679756908992
13	1679756908992
14	1679756908992
15	1679756908992
0	1679756909370
1	1679756909370
2	1679756909370
3	1679756909370
4	1679756909370
5	1679756909370
6	1679756909371
7	1679756909371
7	1679756909371
9	1679756909371
10	1679756909371
11	1679756909371
12	1679756909498
13	1679756909498
14	1679756909498
15	1679756909498
0	1679756909749
1	1679756909749
2	1679756909749
3	1679756909749
4	1679756909750
5	1679756909750
6	1679756909750
7	1679756909750
8	1679756909876
9	1679756909876
9	1679756909876
11	1679756910001
12	1679756910001
13	1679756910001
12	1679756910002
13	1679756910128
0	1679756910253
1	1679756910253
2	1679756910253
3	1679756910254
4	1679756910254
5	1679756910254
6	1679756910254
7	1679756910379
8	1679756910379
9	1679756910379
10	1679756910379
11	1679756910505
12	1679756910505
12	1679756910506
14	1679756910506
14	1679756910631
0	1679756910882
1	1679756910882
1	1679756910883
3	1679756910883
4	1679756910883
5	1679756910883
6	1679756910884
7	1679756910884
8	1679756910884
9	1679756910884
10	1679756911010
11	1679756911010
12	1679756911010
13	1679756911010
14	1679756911135
15	1679756911135
0	1679756911386
1	1679756911387
1	1679756911387
3	1679756911387
4	1679756911387
5	1679756911387
6	1679756911387
7	1679756911388
8	1679756911388
8	1679756911388
10	1679756911513
11	1679756911513
12	1679756911513
13	1679756911513
12	1679756911639
13	1679756911639
0	1679756911891
1	1679756911891
2	1679756911891
3	1679756911891
4	1679756911892
5	1679756911892
6	1679756911892
7	1679756911892
8	1679756911892
9	1679756912018
10	1679756912018
11	1679756912018
12	1679756912018
13	1679756912144
14	1679756912144
15	1679756912144
0	1679756912397
1	1679756912397
2	1679756912397
3	1679756912398
4	1679756912398
5	1679756912398
6	1679756912398
7	1679756912398
8	1679756912398
9	1679756912524
10	1679756912524
11	1679756912524
12	1679756912525
13	1679756912650
14	1679756912650
15	1679756912651
0	1679756912903
1	1679756912903
2	1679756912903
3	1679756912904
4	1679756912904
4	1679756912904
6	1679756912904
7	1679756912904
8	1679756912904
9	1679756913030
9	1679756913030
11	1679756913030
12	1679756913030
13	1679756913156
14	1679756913156
15	1679756913156
0	1679756913408
1	1679756913408
2	1679756913409
3	1679756913409
4	1679756913409
5	1679756913409
6	1679756913410
7	1679756913410
8	1679756913536
9	1679756913536
10	1679756913536
11	1679756913536
12	1679756913662
13	1679756913662
14	1679756913662
15	1679756913662
0	1679756913914
1	1679756913914
2	1679756913914
3	1679756913914
4	1679756913914
5	1679756913915
6	1679756913915
7	1679756913915
8	1679756914040
9	1679756914040
9	1679756914040
11	1679756914041
12	1679756914166
13	1679756914166
14	1679756914166
15	1679756914292
0	1679756914419
1	1679756914419
2	1679756914419
2	1679756914420
4	1679756914420
5	1679756914420
6	1679756914420
7	1679756914546
8	1679756914546
9	1679756914546
10	1679756914546
11	1679756914671
12	1679756914671
12	1679756914672
14	1679756914672
15	1679756914798
0	1679756914922
1	1679756914923
2	1679756914923
2	1679756914923
4	1679756914923
5	1679756914923
6	1679756914924
7	1679756915049
8	1679756915049
9	1679756915049
10	1679756915050
11	1679756915175
12	1679756915175
13	1679756915175
14	1679756915300
15	1679756915300
0	1679756915426
1	1679756915426
2	1679756915427
3	1679756915427
4	1679756915427
5	1679756915428
6	1679756915553
7	1679756915553
8	1679756915554
9	1679756915554
10	1679756915679
11	1679756915680
12	1679756915680
13	1679756915680
14	1679756915806
15	1679756915806
0	1679756915934
1	1679756915934
2	1679756915934
3	1679756915934
4	1679756915935
5	1679756915935
6	1679756916061
6	1679756916061
8	1679756916062
9	1679756916062
10	1679756916187
11	1679756916188
12	1679756916188
13	1679756916314
14	1679756916314
15	1679756916314
0	1679756916442
1	1679756916442
2	1679756916442
3	1679756916442
4	1679756916443
5	1679756916568
6	1679756916568
7	1679756916568
8	1679756916568
9	1679756916694
10	1679756916694
11	1679756916694
12	1679756916694
13	1679756916820
14	1679756916821
15	1679756916821
0	1679756916948
1	1679756916948
2	1679756916949
3	1679756916949
4	1679756916949
5	1679756917075
6	1679756917275
7	1679756917275
8	1679756917276
9	1679756917276
10	1679756917276
11	1679756917276
12	1679756917276
13	1679756917276
14	1679756917277
15	1679756917403
0	1679756917529
1	1679756917529
2	1679756917529
3	1679756917530
4	1679756917530
5	1679756917530
6	1679756917530
7	1679756917656
8	1679756917656
9	1679756917656
10	1679756917656
10	1679756917781
12	1679756917782
13	1679756917782
14	1679756917782
14	1679756917908
0	1679756918034
1	1679756918035
2	1679756918035
3	1679756918035
4	1679756918035
5	1679756918035
6	1679756918160
7	1679756918160
8	1679756918161
9	1679756918161
10	1679756918286
11	1679756918286
12	1679756918286
13	1679756918286
14	1679756918412
14	1679756918412
0	1679756918538
1	1679756918538
2	1679756918539
3	1679756918539
4	1679756918539
3	1679756918539
4	1679756918664
7	1679756918664
8	1679756918665
9	1679756918665
10	1679756918790
11	1679756918790
12	1679756918790
13	1679756918791
14	1679756918916
15	1679756918917
0	1679756919042
1	1679756919042
2	1679756919043
3	1679756919043
4	1679756919043
5	1679756919169
6	1679756919169
7	1679756919169
8	1679756919169
9	1679756919295
10	1679756919295
11	1679756919295
12	1679756919295
13	1679756919421
14	1679756919421
15	1679756919421
0	1679756919548
1	1679756919549
2	1679756919549
3	1679756919549
4	1679756919549
5	1679756919675
5	1679756919675
7	1679756919675
7	1679756919675
9	1679756919800
10	1679756919800
11	1679756919800
12	1679756919801
13	1679756919926
14	1679756919927
15	1679756919927
0	1679756920056
1	1679756920056
2	1679756920057
3	1679756920057
4	1679756920057
5	1679756920182
6	1679756920182
7	1679756920183
8	1679756920183
9	1679756920308
10	1679756920308
11	1679756920309
12	1679756920309
13	1679756920435
14	1679756920435
15	1679756920435
0	1679756920566
1	1679756920566
2	1679756920567
3	1679756920568
4	1679756920693
5	1679756920694
6	1679756920695
7	1679756920695
8	1679756920821
9	1679756920821
10	1679756920822
11	1679756920822
12	1679756920948
13	1679756920948
14	1679756920948
15	1679756920949
0	1679756921075
1	1679756921075
2	1679756921075
3	1679756921075
4	1679756921201
5	1679756921201
6	1679756921201
6	1679756921202
8	1679756921327
9	1679756921328
10	1679756921328
10	1679756921329
12	1679756921454
13	1679756921454
14	1679756921454
15	1679756921455
0	1679756921581
1	1679756921582
2	1679756921582
2	1679756921582
4	1679756921708
5	1679756921708
6	1679756921708
5	1679756921834
6	1679756921834
9	1679756921834
10	1679756921834
11	1679756921960
12	1679756921960
13	1679756921960
14	1679756921960
14	1679756922086
0	1679756922086
1	1679756922087
2	1679756922087
3	1679756922213
4	1679756922214
5	1679756922214
6	1679756922215
7	1679756922340
8	1679756922340
9	1679756922341
9	1679756922341
11	1679756922467
11	1679756922468
13	1679756922468
14	1679756922468
15	1679756922594
0	1679756922595
1	1679756922595
2	1679756922595
3	1679756922721
4	1679756922721
5	1679756922721
6	1679756922721
7	1679756922847
7	1679756922848
9	1679756922848
7	1679756922973
9	1679756922974
12	1679756922974
13	1679756922974
14	1679756923100
15	1679756923100
0	1679756923101
1	1679756923101
2	1679756923227
3	1679756923227
4	1679756923227
5	1679756923227
6	1679756923353
7	1679756923353
8	1679756923353
9	1679756923353
10	1679756923479
11	1679756923479
11	1679756923480
13	1679756923480
14	1679756923605
14	1679756923606
0	1679756923606
1	1679756923606
2	1679756923731
3	1679756923731
4	1679756923732
5	1679756923732
6	1679756923858
7	1679756923858
8	1679756923858
9	1679756923984
9	1679756923984
11	1679756923984
12	1679756923984
12	1679756924110
14	1679756924111
15	1679756924111
0	1679756924111
1	1679756924236
2	1679756924236
3	1679756924236
4	1679756924236
4	1679756924361
6	1679756924361
7	1679756924362
8	1679756924362
9	1679756924488
10	1679756924488
11	1679756924488
11	1679756924488
13	1679756924614
14	1679756924614
15	1679756924614
0	1679756924616
1	1679756924741
2	1679756924741
3	1679756924742
4	1679756924742
5	1679756924868
6	1679756924868
7	1679756924869
8	1679756924869
9	1679756924994
10	1679756924994
11	1679756924994
12	1679756924994
13	1679756925120
14	1679756925120
15	1679756925120
0	1679756925247
1	1679756925247
1	1679756925247
3	1679756925247
4	1679756925372
4	1679756925373
6	1679756925373
7	1679756925373
8	1679756925498
9	1679756925498
10	1679756925499
11	1679756925499
12	1679756925624
13	1679756925624
14	1679756925625
15	1679756925625
0	1679756925751
1	1679756925751
2	1679756925752
3	1679756925752
4	1679756925878
5	1679756925878
6	1679756925878
7	1679756925879
8	1679756926004
9	1679756926004
10	1679756926004
11	1679756926004
11	1679756926130
13	1679756926130
14	1679756926130
15	1679756926130
0	1679756926256
0	1679756926256
2	1679756926257
3	1679756926382
4	1679756926382
5	1679756926382
6	1679756926383
7	1679756926508
8	1679756926508
9	1679756926508
10	1679756926508
11	1679756926634
12	1679756926634
13	1679756926634
14	1679756926634
15	1679756926760
0	1679756926762
1	1679756926762
2	1679756926762
3	1679756926888
4	1679756926888
5	1679756926888
6	1679756926888
7	1679756927014
8	1679756927014
9	1679756927014
10	1679756927015
11	1679756927140
11	1679756927140
13	1679756927141
14	1679756927141
14	1679756927266
0	1679756927268
1	1679756927269
1	1679756927269
3	1679756927394
4	1679756927394
5	1679756927395
6	1679756927520
7	1679756927520
8	1679756927521
9	1679756927521
10	1679756927646
11	1679756927646
12	1679756927647
13	1679756927647
14	1679756927772
15	1679756927772
0	1679756927774
1	1679756927774
2	1679756927899
2	1679756927900
4	1679756927900
5	1679756927900
