0	1679506124386
1	1679506124390	4
3	1679506124392	0
0	1679506124894
1	1679506124894	0
3	1679506124894	0
0	1679506125396
1	1679506125396	0
3	1679506125396	0
0	1679506125898
1	1679506125898	0
3	1679506125898	0
0	1679506126401
1	1679506126401	0
3	1679506126401	0
0	1679506126903
1	1679506126903	0
3	1679506126903	0
0	1679506127405
1	1679506127405	0
3	1679506127405	0
0	1679506127907
1	1679506127908	1
3	1679506127908	0
0	1679506128409
1	1679506128410	1
3	1679506128410	0
0	1679506128911
1	1679506128912	1
3	1679506128912	0
0	1679506129413
1	1679506129414	1
3	1679506129414	0
0	1679506129915
1	1679506129916	1
3	1679506129916	0
0	1679506130417
1	1679506130418	1
3	1679506130418	0
0	1679506131045
1	1679506131045	0
3	1679506131045	0
0	1679506131546
1	1679506131546	0
3	1679506131547	0
0	1679506132049
1	1679506132050	1
3	1679506132050	0
0	1679506132551
1	1679506132551	0
3	1679506132552	0
0	1679506133053
1	1679506133053	0
3	1679506133053	0
0	1679506133555
1	1679506133555	0
3	1679506133555	0
0	1679506134057
1	1679506134057	0
3	1679506134057	0
0	1679506134560
1	1679506134560	0
3	1679506134560	0
0	1679506135061
1	1679506135062	1
3	1679506135062	0
0	1679506135563
1	1679506135563	0
3	1679506135563	0
0	1679506136191
1	1679506136191	0
3	1679506136191	0
