0	0/t1679685560286
2	1679685560420
3	1679685560421
4	1679685560440
5	1679685560440
6	1679685560565
7	1679685560566
8	1679685560566
9	1679685560566
10	1679685560692
11	1679685560693
12	1679685560693
13	1679685560693
14	1679685560819
15	1679685560820
16	1679685560820
17	1679685560820
18	1679685560946
19	1679685560946
20	1679685560947
21	1679685560947
22	1679685561073
23	1679685561073
24	1679685561073
25	1679685561074
26	1679685561199
27	1679685561199
28	1679685561200
29	1679685561200
30	1679685561326
31	1679685561326
32	1679685561327
33	1679685561327
34	1679685561453
35	1679685561453
36	1679685561454
37	1679685561454
38	1679685561579
39	1679685561580
40	1679685561580
41	1679685561580
42	1679685561706
43	1679685561707
44	1679685561707
45	1679685561832
46	1679685561833
47	1679685561833
48	1679685561833
49	1679685561959
50	1679685561959
51	1679685561960
52	1679685561960
53	1679685561960
54	1679685562086
55	1679685562087
56	1679685562087
57	1679685562212
58	1679685562213
59	1679685562213
60	1679685562213
61	1679685562213
62	1679685562339
63	1679685562339
64	1679685562339
65	1679685562339
66	1679685562466
67	1679685562466
68	1679685562466
69	1679685562467
70	1679685562592
71	1679685562593
72	1679685562593
73	1679685562593
74	1679685562719
75	1679685562719
76	1679685562720
77	1679685562720
78	1679685562846
79	1679685562846
80	1679685562847
81	1679685562847
82	1679685562972
83	1679685562973
84	1679685562973
85	1679685563098
86	1679685563099
87	1679685563099
88	1679685563099
89	1679685563225
90	1679685563226
91	1679685563226
92	1679685563226
93	1679685563352
94	1679685563353
95	1679685563353
96	1679685563353
97	1679685563479
98	1679685563479
99	1679685563479
100	1679685563480
101	1679685563605
102	1679685563606
103	1679685563606
104	1679685563606
105	1679685563732
106	1679685563732
107	1679685563732
108	1679685563733
109	1679685563858
110	1679685563859
111	1679685563859
112	1679685563859
113	1679685563985
114	1679685563985
115	1679685563985
116	1679685563986
117	1679685564111
118	1679685564111
119	1679685564111
120	1679685564112
121	1679685564237
122	1679685564237
123	1679685564237
124	1679685564238
125	1679685564239
126	1679685564364
127	1679685564365
128	1679685564491
129	1679685564491
130	1679685564492
131	1679685564492
132	1679685564492
133	1679685564618
134	1679685564619
135	1679685564619
136	1679685564746
137	1679685564746
138	1679685564746
139	1679685564747
140	1679685564747
141	1679685564873
142	1679685564873
143	1679685564873
144	1679685564874
145	1679685564999
146	1679685564999
147	1679685565000
148	1679685565000
149	1679685565125
150	1679685565126
151	1679685565126
152	1679685565126
153	1679685565251
154	1679685565252
155	1679685565252
156	1679685565252
157	1679685565378
158	1679685565379
159	1679685565379
160	1679685565379
161	1679685565505
162	1679685565512
163	1679685565513
164	1679685565513
165	1679685565638
166	1679685565639
167	1679685565639
168	1679685565765
169	1679685565765
170	1679685565765
171	1679685565766
172	1679685565891
173	1679685565891
174	1679685565892
175	1679685565892
176	1679685566017
177	1679685566017
178	1679685566018
179	1679685566018
180	1679685566018
181	1679685566144
182	1679685566144
183	1679685566144
184	1679685566270
185	1679685566271
186	1679685566271
187	1679685566271
188	1679685566271
189	1679685566396
190	1679685566397
191	1679685566397
192	1679685566523
193	1679685566523
194	1679685566523
195	1679685566524
196	1679685566524
197	1679685566649
198	1679685566650
199	1679685566650
200	1679685566650
201	1679685566776
202	1679685566776
203	1679685566776
204	1679685566777
205	1679685566902
206	1679685566903
207	1679685566903
208	1679685566903
209	1679685567028
210	1679685567029
211	1679685567029
212	1679685567155
213	1679685567155
214	1679685567155
215	1679685567156
216	1679685567281
217	1679685567281
218	1679685567281
219	1679685567282
220	1679685567407
221	1679685567407
222	1679685567407
223	1679685567408
224	1679685567533
225	1679685567534
226	1679685567534
227	1679685567534
228	1679685567660
229	1679685567660
230	1679685567660
231	1679685567661
232	1679685567786
233	1679685567787
234	1679685567787
235	1679685567787
236	1679685567913
237	1679685567913
238	1679685567913
239	1679685567914
240	1679685568039
241	1679685568039
242	1679685568039
243	1679685568040
244	1679685568166
245	1679685568166
246	1679685568166
247	1679685568167
248	1679685568292
249	1679685568292
250	1679685568292
251	1679685568293
252	1679685568418
253	1679685568418
254	1679685568419
255	1679685568544
256	1679685568545
257	1679685568545
258	1679685568545
259	1679685568670
260	1679685568671
261	1679685568671
262	1679685568671
263	1679685568797
264	1679685568797
265	1679685568797
266	1679685568798
267	1679685568923
268	1679685568924
269	1679685568924
270	1679685568924
271	1679685569050
272	1679685569050
273	1679685569051
274	1679685569051
275	1679685569176
276	1679685569177
277	1679685569177
278	1679685569177
279	1679685569302
280	1679685569303
281	1679685569303
282	1679685569303
283	1679685569429
284	1679685569429
285	1679685569429
286	1679685569430
287	1679685569430
288	1679685569555
289	1679685569555
290	1679685569555
291	1679685569681
292	1679685569682
293	1679685569682
294	1679685569682
295	1679685569808
296	1679685569808
297	1679685569809
298	1679685569809
299	1679685569934
300	1679685569935
301	1679685569935
302	1679685569935
303	1679685570061
304	1679685570061
305	1679685570061
306	1679685570062
307	1679685570187
308	1679685570187
309	1679685570187
310	1679685570188
311	1679685570313
312	1679685570314
313	1679685570314
314	1679685570314
315	1679685570439
316	1679685570440
317	1679685570440
318	1679685570440
319	1679685570566
320	1679685570566
321	1679685570566
322	1679685570567
323	1679685570692
324	1679685570692
325	1679685570692
326	1679685570693
327	1679685570818
328	1679685570819
329	1679685570819
330	1679685570819
331	1679685570945
332	1679685570946
333	1679685570946
334	1679685570946
335	1679685571071
336	1679685571072
337	1679685571072
338	1679685571198
339	1679685571199
340	1679685571199
341	1679685571199
342	1679685571324
343	1679685571325
344	1679685571325
345	1679685571325
346	1679685571450
347	1679685571452
348	1679685571453
349	1679685571453
350	1679685571578
351	1679685571579
352	1679685571579
353	1679685571579
354	1679685571705
355	1679685571705
356	1679685571706
357	1679685571706
358	1679685571831
359	1679685571832
360	1679685571832
361	1679685571832
362	1679685571958
363	1679685571958
364	1679685571958
365	1679685571959
366	1679685571959
367	1679685572085
368	1679685572085
369	1679685572085
370	1679685572211
371	1679685572212
372	1679685572212
373	1679685572212
374	1679685572212
375	1679685572338
376	1679685572339
377	1679685572339
378	1679685572465
379	1679685572465
380	1679685572465
381	1679685572465
382	1679685572591
383	1679685572591
384	1679685572592
385	1679685572592
386	1679685572718
387	1679685572719
388	1679685572719
389	1679685572720
390	1679685572845
391	1679685572845
392	1679685572846
393	1679685572846
394	1679685572971
395	1679685572972
396	1679685572972
397	1679685572972
398	1679685573098
399	1679685573098
400	1679685573098
401	1679685573099
402	1679685573224
403	1679685573225
404	1679685573225
405	1679685573225
406	1679685573350
407	1679685573351
408	1679685573351
409	1679685573351
410	1679685573477
411	1679685573477
412	1679685573477
413	1679685573477
414	1679685573603
415	1679685573603
416	1679685573603
417	1679685573603
418	1679685573729
419	1679685573729
420	1679685573729
421	1679685573855
422	1679685573856
423	1679685573856
424	1679685573856
425	1679685573982
426	1679685573982
427	1679685573982
428	1679685573982
429	1679685574108
430	1679685574108
431	1679685574108
432	1679685574109
433	1679685574234
434	1679685574234
435	1679685574234
436	1679685574235
437	1679685574360
438	1679685574361
439	1679685574361
440	1679685574361
441	1679685574486
442	1679685574487
443	1679685574487
444	1679685574487
445	1679685574612
446	1679685574613
447	1679685574613
448	1679685574613
449	1679685574739
450	1679685574739
451	1679685574739
452	1679685574740
453	1679685574740
454	1679685574865
455	1679685574865
456	1679685574865
457	1679685574991
458	1679685574992
459	1679685574992
460	1679685574992
461	1679685575118
462	1679685575119
463	1679685575119
464	1679685575119
465	1679685575244
466	1679685575245
467	1679685575245
468	1679685575245
469	1679685575371
470	1679685575372
471	1679685575372
472	1679685575372
473	1679685575498
474	1679685575498
475	1679685575498
476	1679685575499
477	1679685575624
478	1679685575625
479	1679685575625
480	1679685575625
481	1679685575750
482	1679685575751
483	1679685575751
484	1679685575751
485	1679685575877
486	1679685575877
487	1679685575877
488	1679685575878
489	1679685576003
490	1679685576004
491	1679685576004
492	1679685576004
493	1679685576129
494	1679685576130
495	1679685576130
496	1679685576130
497	1679685576256
498	1679685576256
499	1679685576256
500	1679685576257
501	1679685576382
502	1679685576382
503	1679685576382
504	1679685576508
505	1679685576509
506	1679685576509
507	1679685576509
508	1679685576635
509	1679685576636
510	1679685576636
511	1679685576636
512	1679685576761
513	1679685576762
514	1679685576762
515	1679685576762
516	1679685576888
517	1679685576889
518	1679685576889
519	1679685576889
520	1679685577014
521	1679685577015
522	1679685577015
523	1679685577015
524	1679685577141
525	1679685577141
526	1679685577141
527	1679685577142
528	1679685577267
529	1679685577267
530	1679685577267
531	1679685577268
532	1679685577268
533	1679685577393
534	1679685577394
535	1679685577394
536	1679685577519
537	1679685577520
538	1679685577520
539	1679685577520
540	1679685577520
541	1679685577646
542	1679685577646
543	1679685577772
544	1679685577772
545	1679685577772
546	1679685577773
547	1679685577773
548	1679685577898
549	1679685577898
550	1679685577898
551	1679685578024
552	1679685578025
553	1679685578025
554	1679685578025
555	1679685578025
556	1679685578151
557	1679685578151
558	1679685578151
559	1679685578151
560	1679685578277
561	1679685578277
562	1679685578277
563	1679685578278
564	1679685578403
565	1679685578404
566	1679685578404
567	1679685578404
568	1679685578530
569	1679685578530
570	1679685578530
571	1679685578530
572	1679685578656
573	1679685578656
574	1679685578656
575	1679685578657
576	1679685578782
577	1679685578783
578	1679685578783
579	1679685578783
580	1679685578909
581	1679685578909
582	1679685578909
583	1679685578910
584	1679685579035
585	1679685579035
586	1679685579035
587	1679685579165
588	1679685579166
589	1679685579166
590	1679685579166
591	1679685579292
592	1679685579292
593	1679685579292
594	1679685579292
595	1679685579418
596	1679685579419
597	1679685579419
598	1679685579419
599	1679685579545
600	1679685579545
601	1679685579545
602	1679685579546
603	1679685579671
604	1679685579672
605	1679685579672
606	1679685579672
607	1679685579798
608	1679685579798
609	1679685579798
610	1679685579799
611	1679685579924
612	1679685579925
613	1679685579925
614	1679685579925
615	1679685580050
616	1679685580051
617	1679685580051
618	1679685580051
619	1679685580176
620	1679685580177
621	1679685580177
622	1679685580177
623	1679685580302
624	1679685580303
625	1679685580303
626	1679685580303
627	1679685580429
628	1679685580429
629	1679685580429
630	1679685580430
631	1679685580555
632	1679685580555
633	1679685580555
634	1679685580680
635	1679685580681
636	1679685580681
637	1679685580681
638	1679685580681
639	1679685580808
640	1679685580809
641	1679685580809
642	1679685580809
643	1679685580935
644	1679685580935
645	1679685580935
646	1679685580936
647	1679685581061
648	1679685581061
649	1679685581061
650	1679685581062
651	1679685581188
652	1679685581188
653	1679685581188
654	1679685581189
655	1679685581314
656	1679685581315
657	1679685581315
658	1679685581315
659	1679685581440
660	1679685581441
661	1679685581441
662	1679685581441
663	1679685581567
664	1679685581567
665	1679685581567
666	1679685581568
667	1679685581693
668	1679685581693
669	1679685581693
670	1679685581819
671	1679685581819
672	1679685581819
673	1679685581819
674	1679685581945
675	1679685581946
676	1679685581946
677	1679685581946
678	1679685582072
679	1679685582072
680	1679685582072
681	1679685582073
682	1679685582198
683	1679685582198
684	1679685582198
685	1679685582199
686	1679685582324
687	1679685582325
688	1679685582325
689	1679685582325
690	1679685582451
691	1679685582451
692	1679685582451
693	1679685582452
694	1679685582577
695	1679685582578
696	1679685582578
697	1679685582578
698	1679685582704
699	1679685582704
700	1679685582704
701	1679685582705
702	1679685582830
703	1679685582830
704	1679685582830
705	1679685582830
706	1679685582956
707	1679685582957
708	1679685582957
709	1679685582957
710	1679685583082
711	1679685583082
712	1679685583082
713	1679685583208
714	1679685583209
715	1679685583209
716	1679685583209
717	1679685583209
718	1679685583334
719	1679685583335
720	1679685583335
721	1679685583460
722	1679685583461
723	1679685583461
724	1679685583461
725	1679685583461
726	1679685583587
727	1679685583587
728	1679685583587
729	1679685583712
730	1679685583713
731	1679685583713
732	1679685583713
733	1679685583713
734	1679685583838
735	1679685583839
736	1679685583839
737	1679685583839
738	1679685583965
739	1679685583965
740	1679685583965
741	1679685583965
742	1679685584091
743	1679685584092
744	1679685584092
745	1679685584092
746	1679685584218
747	1679685584218
748	1679685584218
749	1679685584219
750	1679685584344
751	1679685584345
752	1679685584345
753	1679685584470
754	1679685584471
755	1679685584471
756	1679685584471
757	1679685584596
758	1679685584597
759	1679685584597
760	1679685584597
761	1679685584722
762	1679685584723
763	1679685584723
764	1679685584723
765	1679685584849
766	1679685584849
767	1679685584850
768	1679685584850
769	1679685584975
770	1679685584975
771	1679685584976
772	1679685584976
773	1679685585101
774	1679685585102
775	1679685585102
776	1679685585102
777	1679685585228
778	1679685585228
779	1679685585228
780	1679685585229
781	1679685585354
782	1679685585354
783	1679685585354
784	1679685585354
785	1679685585480
786	1679685585481
787	1679685585481
788	1679685585481
789	1679685585607
790	1679685585607
791	1679685585607
792	1679685585607
793	1679685585732
794	1679685585733
795	1679685585733
796	1679685585858
797	1679685585859
798	1679685585859
799	1679685585859
800	1679685585985
801	1679685585985
802	1679685585986
803	1679685585986
804	1679685586111
805	1679685586112
806	1679685586112
807	1679685586112
808	1679685586238
809	1679685586238
810	1679685586238
811	1679685586239
812	1679685586239
813	1679685586364
814	1679685586364
815	1679685586364
816	1679685586490
817	1679685586491
818	1679685586491
819	1679685586491
820	1679685586491
821	1679685586617
822	1679685586617
823	1679685586617
824	1679685586742
825	1679685586743
826	1679685586743
827	1679685586743
828	1679685586743
829	1679685586868
830	1679685586869
831	1679685586869
832	1679685586869
833	1679685586995
834	1679685586995
835	1679685586995
836	1679685587121
837	1679685587121
838	1679685587121
839	1679685587121
840	1679685587248
841	1679685587248
842	1679685587248
843	1679685587249
844	1679685587374
845	1679685587375
846	1679685587375
847	1679685587375
848	1679685587500
849	1679685587501
850	1679685587501
851	1679685587501
852	1679685587627
853	1679685587627
854	1679685587627
855	1679685587627
856	1679685587752
857	1679685587753
858	1679685587753
859	1679685587753
860	1679685587879
861	1679685587879
862	1679685587879
863	1679685587880
864	1679685588005
865	1679685588006
866	1679685588006
867	1679685588006
868	1679685588131
869	1679685588132
870	1679685588132
871	1679685588132
872	1679685588258
873	1679685588258
874	1679685588258
875	1679685588259
876	1679685588384
877	1679685588385
878	1679685588385
879	1679685588510
880	1679685588511
881	1679685588511
882	1679685588511
883	1679685588637
884	1679685588637
885	1679685588637
886	1679685588637
887	1679685588762
888	1679685588763
889	1679685588763
890	1679685588763
891	1679685588889
892	1679685588889
893	1679685588889
894	1679685588889
895	1679685589015
896	1679685589015
897	1679685589015
898	1679685589015
899	1679685589141
900	1679685589142
901	1679685589142
902	1679685589142
903	1679685589268
904	1679685589268
905	1679685589268
906	1679685589269
907	1679685589269
908	1679685589395
909	1679685589395
910	1679685589395
911	1679685589521
912	1679685589521
913	1679685589521
914	1679685589521
915	1679685589522
916	1679685589647
917	1679685589647
918	1679685589772
919	1679685589772
920	1679685589772
921	1679685589773
922	1679685589773
923	1679685589899
924	1679685589899
925	1679685589899
926	1679685589900
927	1679685590025
928	1679685590026
929	1679685590026
930	1679685590026
931	1679685590151
932	1679685590152
933	1679685590152
934	1679685590152
935	1679685590278
936	1679685590278
937	1679685590278
938	1679685590278
939	1679685590405
940	1679685590405
941	1679685590405
942	1679685590405
943	1679685590531
944	1679685590532
945	1679685590532
946	1679685590532
947	1679685590658
948	1679685590658
949	1679685590658
950	1679685590659
951	1679685590784
952	1679685590785
953	1679685590785
954	1679685590785
955	1679685590911
956	1679685590911
957	1679685590911
958	1679685590912
959	1679685591037
960	1679685591037
961	1679685591037
962	1679685591163
963	1679685591164
964	1679685591164
965	1679685591164
966	1679685591289
967	1679685591290
968	1679685591290
969	1679685591290
970	1679685591416
971	1679685591416
972	1679685591416
973	1679685591417
974	1679685591542
975	1679685591543
976	1679685591543
977	1679685591543
978	1679685591668
979	1679685591669
980	1679685591669
981	1679685591669
982	1679685591795
983	1679685591795
984	1679685591795
985	1679685591795
986	1679685591921
987	1679685591921
988	1679685591921
989	1679685591921
990	1679685592048
991	1679685592048
992	1679685592048
993	1679685592049
994	1679685592174
995	1679685592175
996	1679685592175
997	1679685592175
998	1679685592300
999	1679685592301
1000	1679685592301
1001	1679685592301
1002	1679685592427
1003	1679685592427
1004	1679685592427
1005	1679685592553
1006	1679685592553
1007	1679685592553
1008	1679685592554
1009	1679685592679
1010	1679685592680
1011	1679685592680
1012	1679685592680
1013	1679685592680
1014	1679685592805
1015	1679685592806
1016	1679685592806
1017	1679685592931
1018	1679685592932
1019	1679685592932
1020	1679685592932
1021	1679685592932
1022	1679685593058
1023	1679685593058
1024	1679685593058
1025	1679685593059
1026	1679685593184
1027	1679685593185
1028	1679685593185
1029	1679685593185
1030	1679685593310
1031	1679685593311
1032	1679685593312
1033	1679685593312
1034	1679685593438
1035	1679685593438
1036	1679685593438
1037	1679685593439
1038	1679685593564
1039	1679685593564
1040	1679685593565
1041	1679685593565
1042	1679685593691
1043	1679685593691
1044	1679685593691
1045	1679685593816
1046	1679685593817
1047	1679685593817
1048	1679685593817
1049	1679685593942
1050	1679685593943
1051	1679685593943
1052	1679685593943
1053	1679685594068
1054	1679685594069
1055	1679685594069
1056	1679685594069
1057	1679685594195
1058	1679685594196
1059	1679685594196
1060	1679685594196
1061	1679685594321
1062	1679685594322
1063	1679685594322
1064	1679685594322
1065	1679685594448
1066	1679685594448
1067	1679685594448
1068	1679685594449
1069	1679685594574
1070	1679685594575
1071	1679685594575
1072	1679685594575
1073	1679685594700
1074	1679685594701
1075	1679685594701
1076	1679685594701
1077	1679685594827
1078	1679685594827
1079	1679685594827
1080	1679685594827
1081	1679685594953
1082	1679685594953
1083	1679685594953
1084	1679685594954
1085	1679685595079
1086	1679685595080
1087	1679685595080
1088	1679685595205
1089	1679685595205
1090	1679685595205
1091	1679685595205
1092	1679685595331
1093	1679685595332
1094	1679685595332
1095	1679685595332
1096	1679685595458
1097	1679685595458
1098	1679685595458
1099	1679685595459
1100	1679685595459
1101	1679685595584
1102	1679685595584
1103	1679685595584
1104	1679685595710
1105	1679685595711
1106	1679685595711
1107	1679685595711
1108	1679685595711
1109	1679685595836
1110	1679685595837
1111	1679685595837
1112	1679685595962
1113	1679685595963
1114	1679685595963
1115	1679685595963
1116	1679685595963
1117	1679685596088
1118	1679685596089
1119	1679685596089
1120	1679685596089
1121	1679685596215
1122	1679685596215
1123	1679685596215
1124	1679685596215
1125	1679685596341
1126	1679685596341
1127	1679685596341
1128	1679685596468
1129	1679685596468
1130	1679685596468
1131	1679685596469
1132	1679685596594
1133	1679685596594
1134	1679685596594
1135	1679685596594
1136	1679685596720
1137	1679685596721
1138	1679685596721
1139	1679685596721
1140	1679685596846
1141	1679685596847
1142	1679685596847
1143	1679685596847
1144	1679685596972
1145	1679685596973
1146	1679685596973
1147	1679685596973
1148	1679685597098
1149	1679685597099
1150	1679685597099
1151	1679685597099
1152	1679685597225
1153	1679685597225
1154	1679685597225
1155	1679685597226
1156	1679685597351
1157	1679685597351
1158	1679685597351
1159	1679685597351
1160	1679685597478
1161	1679685597478
1162	1679685597478
1163	1679685597478
1164	1679685597604
1165	1679685597605
1166	1679685597605
1167	1679685597605
1168	1679685597731
1169	1679685597732
1170	1679685597732
1171	1679685597858
1172	1679685597858
1173	1679685597858
1174	1679685597859
1175	1679685597984
1176	1679685597985
1177	1679685597985
1178	1679685597985
1179	1679685598111
1180	1679685598111
1181	1679685598111
1182	1679685598112
1183	1679685598237
1184	1679685598237
1185	1679685598237
1186	1679685598238
1187	1679685598238
1188	1679685598363
1189	1679685598364
1190	1679685598364
1191	1679685598489
1192	1679685598490
1193	1679685598490
1194	1679685598491
1195	1679685598491
1196	1679685598616
1197	1679685598617
1198	1679685598617
1199	1679685598742
1200	1679685598743
1201	1679685598743
1202	1679685598743
1203	1679685598743
1204	1679685598868
1205	1679685598869
1206	1679685598869
1207	1679685598869
1208	1679685598995
1209	1679685598995
1210	1679685598995
1211	1679685599121
1212	1679685599121
1213	1679685599121
1214	1679685599121
1215	1679685599247
1216	1679685599247
1217	1679685599247
1218	1679685599247
1219	1679685599373
1220	1679685599373
1221	1679685599373
1222	1679685599373
1223	1679685599499
1224	1679685599500
1225	1679685599500
1226	1679685599500
1227	1679685599625
1228	1679685599626
1229	1679685599626
1230	1679685599626
1231	1679685599752
1232	1679685599752
1233	1679685599752
1234	1679685599753
1235	1679685599878
1236	1679685599878
1237	1679685599878
1238	1679685599878
1239	1679685600004
1240	1679685600005
1241	1679685600005
1242	1679685600005
1243	1679685600131
1244	1679685600131
1245	1679685600131
1246	1679685600131
1247	1679685600257
1248	1679685600257
1249	1679685600257
1250	1679685600257
1251	1679685600383
1252	1679685600384
1253	1679685600384
1254	1679685600509
1255	1679685600509
1256	1679685600509
1257	1679685600509
1258	1679685600635
1259	1679685600636
1260	1679685600636
1261	1679685600636
1262	1679685600762
1263	1679685600762
1264	1679685600762
1265	1679685600763
1266	1679685600888
1267	1679685600888
1268	1679685600888
1269	1679685600889
1270	1679685601014
1271	1679685601014
1272	1679685601015
1273	1679685601015
