0	1679860687985
1	1679860687993
2	1679860687993
3	1679860688120
0	1679860688121
1	1679860688122
2	1679860688122
3	1679860688249
0	1679860688249
1	1679860688250
2	1679860688250
3	1679860688391
0	1679860688392
1	1679860688393
2	1679860688393
3	1679860688394
0	1679860688520
1	1679860688520
2	1679860688521
3	1679860688521
0	1679860688646
1	1679860688647
2	1679860688648
3	1679860688648
0	1679860688775
1	1679860688775
2	1679860688776
3	1679860688776
0	1679860688902
1	1679860688903
2	1679860688903
3	1679860688903
0	1679860689030
1	1679860689030
2	1679860689031
3	1679860689031
0	1679860689157
1	1679860689158
2	1679860689158
3	1679860689158
0	1679860689285
1	1679860689285
2	1679860689285
3	1679860689411
0	1679860689412
1	1679860689412
2	1679860689413
3	1679860689414
0	1679860689541
1	1679860689541
2	1679860689541
3	1679860689667
0	1679860689668
1	1679860689668
2	1679860689668
3	1679860689669
0	1679860689794
1	1679860689795
2	1679860689795
3	1679860689795
0	1679860689921
1	1679860689921
2	1679860689922
3	1679860689922
0	1679860690049
1	1679860690050
2	1679860690050
3	1679860690051
0	1679860690176
1	1679860690176
2	1679860690177
3	1679860690177
0	1679860690303
1	1679860690304
2	1679860690304
3	1679860690304
0	1679860690430
1	1679860690431
2	1679860690431
3	1679860690432
0	1679860690557
1	1679860690557
2	1679860690558
3	1679860690684
0	1679860690684
1	1679860690685
2	1679860690685
3	1679860690811
0	1679860690812
1	1679860690812
2	1679860690813
3	1679860690939
0	1679860690939
1	1679860690940
2	1679860690940
3	1679860691066
0	1679860691066
1	1679860691067
2	1679860691067
3	1679860691193
0	1679860691194
1	1679860691194
2	1679860691195
3	1679860691195
0	1679860691321
1	1679860691321
2	1679860691322
3	1679860691448
0	1679860691449
1	1679860691449
2	1679860691450
3	1679860691450
0	1679860691575
1	1679860691576
2	1679860691576
3	1679860691576
0	1679860691702
1	1679860691702
2	1679860691703
3	1679860691703
0	1679860691829
1	1679860691829
2	1679860691830
3	1679860691830
0	1679860691956
1	1679860691957
2	1679860691957
3	1679860692084
0	1679860692084
1	1679860692085
2	1679860692085
3	1679860692210
0	1679860692211
1	1679860692211
2	1679860692212
3	1679860692337
0	1679860692338
1	1679860692338
2	1679860692338
3	1679860692465
0	1679860692466
1	1679860692466
2	1679860692467
3	1679860692593
0	1679860692594
1	1679860692594
2	1679860692594
3	1679860692720
0	1679860692720
1	1679860692721
2	1679860692721
3	1679860692847
0	1679860692848
1	1679860692848
2	1679860692849
3	1679860692974
0	1679860692974
1	1679860692975
2	1679860692975
3	1679860692975
0	1679860693102
1	1679860693102
2	1679860693102
3	1679860693103
0	1679860693229
1	1679860693230
2	1679860693230
3	1679860693356
0	1679860693357
1	1679860693357
2	1679860693358
3	1679860693483
0	1679860693484
1	1679860693484
2	1679860693484
3	1679860693611
0	1679860693611
1	1679860693612
2	1679860693612
3	1679860693738
0	1679860693738
1	1679860693739
2	1679860693739
3	1679860693864
0	1679860693865
1	1679860693865
2	1679860693866
3	1679860693992
0	1679860693993
1	1679860693993
2	1679860693994
3	1679860694119
0	1679860694120
1	1679860694120
2	1679860694120
3	1679860694247
0	1679860694248
1	1679860694248
2	1679860694248
3	1679860694374
0	1679860694374
1	1679860694375
2	1679860694375
3	1679860694502
0	1679860694503
1	1679860694503
2	1679860694504
3	1679860694630
0	1679860694631
1	1679860694632
2	1679860694757
3	1679860694758
0	1679860694759
1	1679860694759
2	1679860694885
3	1679860694886
0	1679860694886
1	1679860694887
2	1679860694887
3	1679860695013
0	1679860695013
1	1679860695014
2	1679860695014
3	1679860695141
0	1679860695142
1	1679860695142
2	1679860695143
3	1679860695269
0	1679860695269
1	1679860695270
2	1679860695270
3	1679860695396
0	1679860695397
1	1679860695398
2	1679860695398
3	1679860695523
0	1679860695524
1	1679860695524
2	1679860695525
3	1679860695650
0	1679860695651
1	1679860695651
2	1679860695652
3	1679860695778
0	1679860695778
1	1679860695779
2	1679860695779
3	1679860695906
0	1679860695906
1	1679860695906
2	1679860696033
3	1679860696034
0	1679860696034
1	1679860696035
2	1679860696160
3	1679860696161
0	1679860696161
1	1679860696162
2	1679860696287
3	1679860696287
0	1679860696288
1	1679860696288
2	1679860696415
3	1679860696415
0	1679860696416
1	1679860696417
2	1679860696417
3	1679860696543
0	1679860696543
1	1679860696543
2	1679860696670
3	1679860696670
0	1679860696671
1	1679860696671
2	1679860696672
3	1679860696798
0	1679860696798
1	1679860696799
2	1679860696799
3	1679860696926
0	1679860696927
1	1679860696927
2	1679860696928
3	1679860697053
0	1679860697053
1	1679860697054
2	1679860697054
3	1679860697179
0	1679860697180
1	1679860697180
2	1679860697181
3	1679860697306
0	1679860697307
1	1679860697307
2	1679860697434
3	1679860697435
0	1679860697435
1	1679860697435
2	1679860697562
3	1679860697562
0	1679860697563
1	1679860697563
2	1679860697689
3	1679860697690
0	1679860697690
1	1679860697691
2	1679860697817
3	1679860697817
0	1679860697818
1	1679860697819
2	1679860697945
3	1679860697945
0	1679860697946
1	1679860697946
2	1679860697946
3	1679860698072
0	1679860698073
1	1679860698074
2	1679860698074
3	1679860698203
0	1679860698204
1	1679860698204
2	1679860698204
3	1679860698330
0	1679860698330
1	1679860698331
2	1679860698331
3	1679860698457
0	1679860698457
1	1679860698458
2	1679860698458
3	1679860698584
0	1679860698584
1	1679860698584
2	1679860698711
3	1679860698711
0	1679860698711
1	1679860698712
2	1679860698838
3	1679860698838
0	1679860698839
1	1679860698839
2	1679860698966
3	1679860698966
0	1679860698967
1	1679860698967
2	1679860699094
3	1679860699094
0	1679860699095
1	1679860699095
2	1679860699221
3	1679860699221
0	1679860699222
1	1679860699222
2	1679860699349
3	1679860699349
0	1679860699350
1	1679860699350
2	1679860699476
3	1679860699476
0	1679860699477
1	1679860699477
2	1679860699477
3	1679860699602
0	1679860699604
1	1679860699605
2	1679860699606
3	1679860699733
0	1679860699734
1	1679860699734
2	1679860699734
3	1679860699860
0	1679860699861
1	1679860699861
2	1679860699862
3	1679860699987
0	1679860699987
1	1679860699988
2	1679860700114
3	1679860700114
0	1679860700115
1	1679860700115
2	1679860700241
3	1679860700242
0	1679860700242
1	1679860700243
2	1679860700369
3	1679860700370
0	1679860700370
1	1679860700371
2	1679860700496
3	1679860700497
0	1679860700498
1	1679860700498
2	1679860700624
3	1679860700624
0	1679860700625
1	1679860700625
2	1679860700751
3	1679860700751
0	1679860700752
1	1679860700752
2	1679860700878
3	1679860700879
0	1679860700880
1	1679860700880
2	1679860701007
3	1679860701008
0	1679860701008
1	1679860701009
2	1679860701134
3	1679860701134
0	1679860701135
1	1679860701135
2	1679860701135
3	1679860701261
0	1679860701261
1	1679860701388
2	1679860701388
3	1679860701389
0	1679860701389
1	1679860701389
2	1679860701515
3	1679860701515
0	1679860701516
1	1679860701516
2	1679860701641
3	1679860701641
0	1679860701642
1	1679860701642
2	1679860701768
3	1679860701768
0	1679860701769
1	1679860701769
2	1679860701895
3	1679860701895
0	1679860701896
1	1679860701896
2	1679860702021
3	1679860702021
0	1679860702021
1	1679860702022
2	1679860702148
3	1679860702149
0	1679860702149
1	1679860702150
2	1679860702276
3	1679860702277
0	1679860702277
1	1679860702278
2	1679860702403
3	1679860702403
0	1679860702404
1	1679860702404
2	1679860702530
3	1679860702531
0	1679860702531
1	1679860702532
2	1679860702657
3	1679860702657
0	1679860702658
1	1679860702783
2	1679860702783
3	1679860702783
0	1679860702784
1	1679860702910
2	1679860702910
3	1679860702910
0	1679860702911
1	1679860703036
2	1679860703036
3	1679860703036
0	1679860703037
1	1679860703162
2	1679860703162
3	1679860703162
0	1679860703163
1	1679860703163
2	1679860703289
3	1679860703290
0	1679860703290
1	1679860703415
2	1679860703416
3	1679860703416
0	1679860703416
1	1679860703417
2	1679860703543
3	1679860703543
0	1679860703544
1	1679860703544
2	1679860703670
3	1679860703670
0	1679860703671
1	1679860703671
2	1679860703797
3	1679860703798
0	1679860703798
1	1679860703799
2	1679860703924
3	1679860703925
0	1679860703925
1	1679860704051
2	1679860704052
3	1679860704052
0	1679860704052
1	1679860704178
2	1679860704178
3	1679860704178
0	1679860704179
1	1679860704305
2	1679860704305
3	1679860704306
0	1679860704306
1	1679860704432
2	1679860704432
3	1679860704433
0	1679860704433
1	1679860704559
2	1679860704559
3	1679860704560
0	1679860704560
1	1679860704686
2	1679860704687
3	1679860704687
0	1679860704688
1	1679860704814
2	1679860704814
3	1679860704815
0	1679860704815
1	1679860704941
2	1679860704941
3	1679860704941
0	1679860704942
1	1679860705068
2	1679860705068
3	1679860705068
0	1679860705069
1	1679860705194
2	1679860705194
3	1679860705194
0	1679860705195
1	1679860705326
2	1679860705327
3	1679860705327
0	1679860705328
1	1679860705453
2	1679860705453
3	1679860705454
0	1679860705454
1	1679860705579
2	1679860705580
3	1679860705580
0	1679860705581
1	1679860705707
2	1679860705707
3	1679860705707
0	1679860705708
1	1679860705834
2	1679860705834
3	1679860705834
0	1679860705835
1	1679860705961
2	1679860705962
3	1679860705962
0	1679860705962
1	1679860706088
2	1679860706088
3	1679860706088
0	1679860706089
1	1679860706214
2	1679860706214
3	1679860706215
0	1679860706215
1	1679860706342
2	1679860706342
3	1679860706343
0	1679860706343
1	1679860706469
2	1679860706469
3	1679860706470
0	1679860706470
1	1679860706596
2	1679860706596
3	1679860706596
0	1679860706722
1	1679860706722
2	1679860706723
3	1679860706723
0	1679860706723
1	1679860706850
2	1679860706851
3	1679860706851
0	1679860706978
1	1679860706978
2	1679860706979
3	1679860706979
0	1679860706979
1	1679860707104
2	1679860707104
3	1679860707104
0	1679860707105
1	1679860707230
2	1679860707230
3	1679860707231
0	1679860707231
1	1679860707358
2	1679860707359
3	1679860707359
0	1679860707359
1	1679860707485
2	1679860707485
3	1679860707486
0	1679860707486
1	1679860707612
2	1679860707612
3	1679860707613
0	1679860707613
1	1679860707739
2	1679860707739
3	1679860707740
0	1679860707740
1	1679860707867
2	1679860707867
3	1679860707867
0	1679860707868
1	1679860707993
2	1679860707993
3	1679860707994
0	1679860708120
1	1679860708121
2	1679860708121
3	1679860708121
0	1679860708248
1	1679860708249
2	1679860708249
3	1679860708249
0	1679860708375
1	1679860708375
2	1679860708375
3	1679860708376
0	1679860708501
1	1679860708501
2	1679860708502
3	1679860708502
0	1679860708628
1	1679860708628
2	1679860708628
3	1679860708629
0	1679860708755
1	1679860708756
2	1679860708756
3	1679860708756
0	1679860708883
1	1679860708883
2	1679860708883
3	1679860708884
0	1679860708884
1	1679860709010
2	1679860709010
3	1679860709010
0	1679860709136
1	1679860709136
2	1679860709137
3	1679860709137
0	1679860709138
1	1679860709263
2	1679860709264
3	1679860709264
0	1679860709391
1	1679860709391
2	1679860709391
3	1679860709391
0	1679860709518
1	1679860709519
2	1679860709519
3	1679860709519
0	1679860709646
1	1679860709646
2	1679860709647
3	1679860709647
0	1679860709773
1	1679860709773
2	1679860709774
3	1679860709774
0	1679860709899
1	1679860709899
2	1679860709899
3	1679860709900
0	1679860710026
1	1679860710026
2	1679860710026
3	1679860710027
0	1679860710152
1	1679860710153
2	1679860710153
3	1679860710154
0	1679860710280
1	1679860710280
2	1679860710280
3	1679860710281
0	1679860710408
1	1679860710408
2	1679860710408
3	1679860710409
0	1679860710535
1	1679860710536
2	1679860710536
3	1679860710537
0	1679860710663
1	1679860710664
2	1679860710664
3	1679860710664
0	1679860710790
1	1679860710790
2	1679860710791
3	1679860710917
0	1679860710917
1	1679860710918
2	1679860710918
3	1679860710919
0	1679860711045
1	1679860711045
2	1679860711046
3	1679860711046
0	1679860711172
1	1679860711173
2	1679860711173
3	1679860711174
0	1679860711300
1	1679860711300
2	1679860711300
3	1679860711301
0	1679860711426
1	1679860711426
2	1679860711426
3	1679860711427
0	1679860711552
1	1679860711552
2	1679860711553
3	1679860711553
0	1679860711679
1	1679860711679
2	1679860711679
3	1679860711679
0	1679860711806
1	1679860711806
2	1679860711806
3	1679860711807
0	1679860711933
1	1679860711933
2	1679860711934
3	1679860712059
0	1679860712060
1	1679860712060
2	1679860712061
3	1679860712187
0	1679860712187
1	1679860712187
2	1679860712188
3	1679860712314
0	1679860712315
1	1679860712315
2	1679860712316
3	1679860712442
0	1679860712442
1	1679860712443
2	1679860712443
3	1679860712444
0	1679860712569
1	1679860712569
2	1679860712570
3	1679860712695
0	1679860712696
1	1679860712696
2	1679860712697
3	1679860712697
0	1679860712823
1	1679860712823
2	1679860712824
3	1679860712824
0	1679860712949
1	1679860712950
2	1679860712950
3	1679860712950
0	1679860713076
1	1679860713077
2	1679860713077
3	1679860713077
0	1679860713204
1	1679860713204
2	1679860713205
3	1679860713330
0	1679860713331
1	1679860713331
2	1679860713331
3	1679860713458
0	1679860713458
1	1679860713459
2	1679860713459
3	1679860713584
0	1679860713584
1	1679860713585
2	1679860713585
3	1679860713711
0	1679860713712
1	1679860713712
2	1679860713713
3	1679860713838
0	1679860713839
1	1679860713839
2	1679860713840
3	1679860713967
0	1679860713968
1	1679860713968
2	1679860713969
3	1679860714094
0	1679860714094
1	1679860714095
2	1679860714095
3	1679860714220
0	1679860714221
1	1679860714221
2	1679860714221
3	1679860714348
0	1679860714349
1	1679860714349
2	1679860714349
3	1679860714476
0	1679860714476
1	1679860714477
2	1679860714477
3	1679860714478
0	1679860714604
1	1679860714604
2	1679860714605
3	1679860714730
0	1679860714730
1	1679860714731
2	1679860714731
3	1679860714858
0	1679860714858
1	1679860714859
2	1679860714859
3	1679860714985
0	1679860714985
1	1679860714986
2	1679860714987
3	1679860715112
0	1679860715113
1	1679860715113
2	1679860715114
3	1679860715239
0	1679860715239
1	1679860715240
2	1679860715240
3	1679860715366
0	1679860715367
1	1679860715367
2	1679860715368
3	1679860715493
0	1679860715494
1	1679860715494
2	1679860715495
3	1679860715621
0	1679860715621
1	1679860715621
2	1679860715621
3	1679860715748
0	1679860715749
1	1679860715749
2	1679860715750
3	1679860715875
0	1679860715876
1	1679860715876
2	1679860715876
3	1679860716002
0	1679860716003
1	1679860716004
2	1679860716129
3	1679860716129
0	1679860716130
1	1679860716130
2	1679860716256
3	1679860716257
0	1679860716257
1	1679860716258
2	1679860716384
3	1679860716384
0	1679860716385
1	1679860716386
2	1679860716386
3	1679860716512
0	1679860716513
1	1679860716513
2	1679860716514
3	1679860716640
0	1679860716640
1	1679860716641
2	1679860716641
3	1679860716767
0	1679860716767
1	1679860716768
2	1679860716768
3	1679860716893
0	1679860716894
1	1679860716894
2	1679860716894
3	1679860717021
0	1679860717021
1	1679860717021
2	1679860717022
3	1679860717147
0	1679860717148
1	1679860717148
2	1679860717148
3	1679860717273
0	1679860717273
1	1679860717274
2	1679860717400
3	1679860717400
0	1679860717401
1	1679860717401
2	1679860717528
3	1679860717528
0	1679860717529
1	1679860717529
2	1679860717655
3	1679860717655
0	1679860717656
1	1679860717656
2	1679860717782
3	1679860717783
0	1679860717783
1	1679860717783
2	1679860717909
3	1679860717909
0	1679860717910
1	1679860717911
2	1679860718037
3	1679860718038
0	1679860718038
1	1679860718039
2	1679860718164
3	1679860718164
0	1679860718165
1	1679860718165
2	1679860718166
3	1679860718292
0	1679860718292
1	1679860718292
2	1679860718292
3	1679860718419
0	1679860718420
1	1679860718420
2	1679860718420
3	1679860718547
0	1679860718548
1	1679860718548
2	1679860718673
3	1679860718673
0	1679860718674
1	1679860718674
2	1679860718800
3	1679860718800
0	1679860718801
1	1679860718801
2	1679860718926
3	1679860718927
0	1679860718927
1	1679860718928
2	1679860719056
3	1679860719056
0	1679860719057
1	1679860719057
2	1679860719182
3	1679860719183
0	1679860719183
1	1679860719184
2	1679860719310
3	1679860719311
0	1679860719311
1	1679860719312
2	1679860719437
3	1679860719437
0	1679860719438
1	1679860719438
2	1679860719563
3	1679860719563
0	1679860719564
1	1679860719564
2	1679860719691
3	1679860719691
0	1679860719691
1	1679860719692
2	1679860719817
3	1679860719817
0	1679860719818
1	1679860719818
2	1679860719945
3	1679860719945
0	1679860719946
1	1679860719946
2	1679860720072
3	1679860720073
0	1679860720073
1	1679860720074
2	1679860720199
3	1679860720200
0	1679860720200
1	1679860720200
2	1679860720327
3	1679860720328
0	1679860720353
1	1679860720354
2	1679860720354
3	1679860720479
0	1679860720479
1	1679860720480
2	1679860720481
3	1679860720607
0	1679860720608
1	1679860720608
2	1679860720609
3	1679860720734
0	1679860720734
1	1679860720735
2	1679860720735
3	1679860720861
0	1679860720861
1	1679860720862
2	1679860720863
3	1679860720988
0	1679860720989
1	1679860720989
2	1679860720990
3	1679860721116
0	1679860721117
1	1679860721117
2	1679860721117
3	1679860721244
0	1679860721244
1	1679860721245
2	1679860721371
3	1679860721371
0	1679860721371
1	1679860721371
2	1679860721498
3	1679860721498
0	1679860721499
1	1679860721499
2	1679860721624
3	1679860721624
0	1679860721625
1	1679860721625
2	1679860721752
3	1679860721752
0	1679860721752
1	1679860721752
2	1679860721879
3	1679860721880
0	1679860721880
1	1679860721881
2	1679860722006
3	1679860722007
0	1679860722007
1	1679860722008
2	1679860722134
3	1679860722134
0	1679860722135
1	1679860722135
2	1679860722135
3	1679860722262
0	1679860722268
1	1679860722269
2	1679860722269
3	1679860722394
0	1679860722394
1	1679860722395
2	1679860722395
3	1679860722521
0	1679860722521
1	1679860722521
2	1679860722522
3	1679860722647
0	1679860722647
1	1679860722648
2	1679860722774
3	1679860722774
0	1679860722775
1	1679860722775
2	1679860722900
3	1679860722900
0	1679860722901
1	1679860722901
2	1679860723027
3	1679860723027
0	1679860723028
1	1679860723028
2	1679860723153
3	1679860723154
0	1679860723154
1	1679860723154
2	1679860723280
3	1679860723280
0	1679860723281
1	1679860723281
2	1679860723406
3	1679860723407
0	1679860723407
1	1679860723408
2	1679860723533
3	1679860723533
0	1679860723534
1	1679860723534
2	1679860723660
3	1679860723660
0	1679860723661
1	1679860723661
2	1679860723787
3	1679860723787
0	1679860723788
1	1679860723788
2	1679860723913
3	1679860723913
0	1679860723914
1	1679860723914
